858.0
828.0
1371.0
1191.0
852.0
729.0
558.0
729.0
1026.0
2481.0
690.0
1041.0
285.0
1635.0
1374.0
366.0
1170.0
477.0
1740.0
1284.0
1170.0
744.0
2226.0
2412.0
1281.0
1260.0
690.0
1371.0
960.0
1206.0
534.0
351.0
540.0
306.0
369.0
315.0
192.0
267.0
177.0
435.0
1434.0
492.0
972.0
1722.0
903.0
1245.0
270.0
2673.0
2082.0
975.0
717.0
792.0
666.0
1050.0
1431.0
816.0
708.0
501.0
1320.0
813.0
1011.0
1440.0
1434.0
252.0
609.0
246.0
1008.0
1965.0
339.0
1413.0
513.0
1095.0
1260.0
1041.0
561.0
231.0
489.0
1485.0
1062.0
927.0
1026.0
1065.0
609.0
1545.0
279.0
930.0
792.0
663.0
1197.0
558.0
864.0
726.0
2811.0
945.0
1302.0
1248.0
558.0
1221.0
1122.0
1203.0
1347.0
489.0
1527.0
870.0
1260.0
972.0
555.0
576.0
1173.0
1839.0
312.0
258.0
762.0
393.0
726.0
537.0
999.0
966.0
1278.0
369.0
570.0
1137.0
1353.0
309.0
2643.0
351.0
1266.0
1071.0
630.0
522.0
1077.0
1239.0
255.0
600.0
861.0
1317.0
1074.0
1443.0
1254.0
1185.0
1377.0
1083.0
1347.0
1200.0
1740.0
1464.0
1401.0
759.0
900.0
1350.0
2643.0
2502.0
327.0
3615.0
3567.0
1257.0
1491.0
1017.0
399.0
540.0
357.0
690.0
438.0
1425.0
645.0
750.0
546.0
186.0
201.0
429.0
627.0
267.0
735.0
1587.0
486.0
942.0
1074.0
1359.0
1974.0
1917.0
2079.0
951.0
696.0
1302.0
1011.0
1488.0
972.0
1338.0
855.0
756.0
1299.0
1188.0
1758.0
1188.0
1230.0
2547.0
726.0
987.0
2253.0
393.0
813.0
633.0
462.0
1944.0
1566.0
1194.0
840.0
939.0
555.0
987.0
2013.0
2388.0
990.0
1131.0
1821.0
1515.0
1017.0
813.0
870.0
789.0
456.0
1026.0
2433.0
1353.0
858.0
762.0
1197.0
558.0
726.0
819.0
708.0
1551.0
348.0
804.0
738.0
621.0
633.0
348.0
48.0
2700.0
5202.0
1569.0
813.0
1233.0
726.0
765.0
1155.0
792.0
453.0
1014.0
1464.0
369.0
1368.0
1728.0
1173.0
372.0
1806.0
1008.0
1152.0
1056.0
948.0
1383.0
897.0
1083.0
1329.0
1452.0
483.0
990.0
474.0
621.0
948.0
600.0
510.0
717.0
879.0
2061.0
300.0
954.0
1323.0
747.0
1320.0
1350.0
1014.0
1344.0
1749.0
762.0
1164.0
1539.0
474.0
1686.0
1401.0
1080.0
1167.0
462.0
1110.0
522.0
411.0
228.0
723.0
681.0
900.0
666.0
1029.0
822.0
1035.0
1308.0
744.0
810.0
1134.0
1008.0
477.0
945.0
684.0
1674.0
684.0
1191.0
1725.0
1011.0
762.0
996.0
354.0
1656.0
336.0
537.0
255.0
900.0
570.0
1476.0
180.0
1104.0
360.0
486.0
405.0
324.0
456.0
336.0
462.0
222.0
363.0
582.0
858.0
1470.0
516.0
837.0
561.0
1419.0
726.0
630.0
708.0
894.0
939.0
2835.0
1917.0
822.0
1287.0
501.0
951.0
327.0
2355.0
459.0
999.0
669.0
381.0
219.0
435.0
807.0
747.0
213.0
1524.0
903.0
606.0
390.0
294.0
993.0
696.0
396.0
852.0
948.0
585.0
267.0
855.0
1083.0
1257.0
624.0
504.0
219.0
354.0
873.0
534.0
270.0
369.0
237.0
447.0
2586.0
405.0
1554.0
942.0
1257.0
408.0
2697.0
1194.0
1017.0
1047.0
567.0
2202.0
1176.0
861.0
663.0
783.0
120.0
258.0
141.0
135.0
114.0
135.0
378.0
1464.0
1071.0
744.0
801.0
396.0
447.0
1401.0
2670.0
1287.0
1113.0
1935.0
1362.0
2046.0
387.0
348.0
1248.0
2892.0
1152.0
1143.0
702.0
870.0
2385.0
813.0
1188.0
897.0
732.0
351.0
135.0
777.0
411.0
552.0
819.0
2277.0
948.0
1887.0
1176.0
756.0
1407.0
1077.0
306.0
228.0
741.0
219.0
114.0
654.0
747.0
441.0
1296.0
501.0
180.0
540.0
363.0
1278.0
1221.0
2070.0
912.0
1215.0
1080.0
2115.0
471.0
603.0
1476.0
1257.0
735.0
1140.0
192.0
708.0
729.0
939.0
951.0
312.0
1041.0
1353.0
1227.0
1590.0
1128.0
1578.0
891.0
1506.0
1176.0
846.0
11151.0
7572.0
1059.0
1113.0
354.0
747.0
531.0
249.0
1374.0
738.0
1020.0
681.0
1143.0
864.0
651.0
1383.0
1101.0
1083.0
531.0
2856.0
315.0
228.0
951.0
396.0
546.0
462.0
972.0
333.0
858.0
285.0
192.0
747.0
318.0
642.0
933.0
168.0
834.0
297.0
2034.0
1368.0
1200.0
1896.0
1434.0
771.0
1494.0
441.0
534.0
429.0
696.0
1275.0
1287.0
1395.0
237.0
495.0
594.0
1644.0
798.0
447.0
66.0
1623.0
861.0
462.0
630.0
372.0
2091.0
987.0
846.0
753.0
1323.0
474.0
1002.0
294.0
570.0
2595.0
831.0
72.0
93.0
2025.0
1260.0
1359.0
669.0
942.0
825.0
756.0
606.0
732.0
1269.0
3372.0
3546.0
1836.0
1098.0
1284.0
1356.0
1800.0
1293.0
486.0
702.0
735.0
1233.0
501.0
1365.0
867.0
771.0
1278.0
792.0
225.0
939.0
1128.0
774.0
1059.0
939.0
384.0
384.0
747.0
399.0
1683.0
357.0
537.0
1308.0
495.0
219.0
1185.0
594.0
840.0
1971.0
1020.0
1101.0
2139.0
291.0
1791.0
906.0
1473.0
1101.0
600.0
1011.0
279.0
4200.0
372.0
369.0
4074.0
636.0
603.0
471.0
2121.0
1992.0
1131.0
696.0
501.0
918.0
1017.0
885.0
780.0
1923.0
1203.0
801.0
462.0
1776.0
402.0
1119.0
270.0
1137.0
459.0
1287.0
570.0
1197.0
1980.0
1008.0
963.0
582.0
828.0
885.0
2529.0
540.0
993.0
4281.0
456.0
840.0
3651.0
1119.0
996.0
213.0
675.0
3432.0
1071.0
1353.0
747.0
96.0
729.0
495.0
615.0
684.0
1653.0
969.0
2040.0
1389.0
1698.0
1395.0
2904.0
888.0
1047.0
1704.0
1437.0
1197.0
459.0
621.0
609.0
1944.0
2271.0
921.0
1161.0
453.0
648.0
912.0
1167.0
1572.0
1515.0
1590.0
2568.0
747.0
1083.0
1359.0
1245.0
1317.0
1476.0
1068.0
1263.0
831.0
918.0
1152.0
930.0
1353.0
1257.0
2625.0
846.0
1104.0
1683.0
2316.0
2910.0
1584.0
771.0
936.0
2940.0
2238.0
474.0
918.0
954.0
888.0
480.0
921.0
1053.0
408.0
1023.0
846.0
1281.0
714.0
1419.0
561.0
3150.0
1272.0
330.0
1284.0
1863.0
972.0
2541.0
1776.0
801.0
1194.0
489.0
1254.0
2832.0
348.0
171.0
1218.0
489.0
927.0
357.0
1938.0
945.0
879.0
741.0
480.0
615.0
1155.0
234.0
1074.0
642.0
633.0
336.0
1020.0
693.0
765.0
234.0
765.0
288.0
228.0
534.0
351.0
606.0
486.0
480.0
576.0
960.0
468.0
1047.0
294.0
357.0
552.0
411.0
369.0
939.0
1152.0
1110.0
444.0
363.0
687.0
276.0
414.0
1014.0
1167.0
3564.0
420.0
399.0
306.0
540.0
318.0
369.0
252.0
201.0
414.0
354.0
537.0
1092.0
339.0
1446.0
2772.0
432.0
309.0
1011.0
696.0
1962.0
1932.0
1551.0
117.0
1128.0
1083.0
987.0
2016.0
1119.0
1275.0
1473.0
879.0
1416.0
1248.0
2004.0
921.0
762.0
1314.0
303.0
234.0
1371.0
843.0
573.0
672.0
294.0
372.0
282.0
264.0
951.0
1557.0
249.0
1275.0
936.0
642.0
348.0
1206.0
474.0
717.0
1227.0
1023.0
759.0
1260.0
423.0
240.0
168.0
1632.0
474.0
918.0
1398.0
555.0
390.0
780.0
753.0
1896.0
468.0
591.0
354.0
870.0
1320.0
117.0
1344.0
402.0
93.0
873.0
141.0
222.0
345.0
462.0
1260.0
477.0
366.0
1710.0
1365.0
879.0
1569.0
354.0
375.0
1080.0
1080.0
339.0
1569.0
285.0
339.0
285.0
2610.0
723.0
1092.0
498.0
855.0
447.0
1671.0
1383.0
741.0
393.0
1101.0
957.0
2415.0
1203.0
3348.0
603.0
1269.0
1299.0
594.0
960.0
978.0
789.0
927.0
1452.0
1155.0
1290.0
198.0
942.0
330.0
504.0
849.0
348.0
1479.0
2787.0
2415.0
1074.0
1647.0
1041.0
627.0
363.0
2739.0
405.0
189.0
555.0
1101.0
786.0
1014.0
342.0
933.0
1191.0
558.0
507.0
1362.0
531.0
1317.0
930.0
954.0
312.0
1479.0
237.0
354.0
447.0
687.0
1704.0
1488.0
645.0
1227.0
636.0
1080.0
1398.0
915.0
906.0
2073.0
738.0
1092.0
462.0
828.0
1578.0
1638.0
879.0
3342.0
1233.0
567.0
603.0
456.0
1338.0
834.0
1500.0
456.0
270.0
2658.0
654.0
2100.0
1725.0
1851.0
1284.0
648.0
2553.0
201.0
1602.0
1182.0
1461.0
666.0
969.0
1467.0
2571.0
1908.0
2280.0
276.0
528.0
402.0
417.0
2850.0
774.0
1809.0
369.0
489.0
1065.0
306.0
657.0
486.0
1254.0
2331.0
1311.0
1491.0
2049.0
429.0
456.0
366.0
1245.0
237.0
972.0
480.0
795.0
1221.0
1464.0
1506.0
972.0
1107.0
990.0
750.0
1239.0
600.0
2199.0
852.0
2787.0
633.0
876.0
552.0
360.0
1647.0
492.0
2622.0
996.0
984.0
489.0
2307.0
2046.0
1017.0
756.0
720.0
1743.0
1341.0
1215.0
2199.0
699.0
1146.0
1014.0
1011.0
126.0
969.0
984.0
576.0
1080.0
291.0
798.0
1119.0
1191.0
393.0
1125.0
903.0
477.0
408.0
1035.0
1773.0
1383.0
1671.0
723.0
189.0
687.0
432.0
348.0
279.0
804.0
1299.0
543.0
879.0
540.0
801.0
828.0
621.0
1260.0
756.0
459.0
1482.0
2523.0
2106.0
489.0
696.0
702.0
585.0
942.0
492.0
2103.0
171.0
1803.0
486.0
240.0
630.0
606.0
291.0
192.0
255.0
702.0
411.0
279.0
333.0
303.0
822.0
465.0
642.0
858.0
1689.0
561.0
405.0
264.0
1122.0
279.0
1029.0
1917.0
1365.0
1569.0
1335.0
1371.0
1026.0
672.0
756.0
1131.0
2271.0
582.0
1728.0
852.0
1449.0
279.0
669.0
2940.0
297.0
234.0
186.0
777.0
1170.0
396.0
357.0
846.0
312.0
459.0
753.0
981.0
423.0
987.0
471.0
951.0
1155.0
939.0
894.0
624.0
687.0
1008.0
1425.0
828.0
1281.0
675.0
1023.0
1401.0
1311.0
255.0
1719.0
921.0
654.0
504.0
1359.0
891.0
1887.0
663.0
1146.0
447.0
723.0
3345.0
738.0
1083.0
1101.0
2856.0
531.0
252.0
228.0
1044.0
1467.0
663.0
1059.0
2625.0
2910.0
1296.0
1881.0
2145.0
1524.0
1983.0
756.0
702.0
1293.0
699.0
507.0
1254.0
1047.0
804.0
1194.0
978.0
858.0
759.0
882.0
1008.0
1023.0
912.0
1383.0
1152.0
1125.0
1458.0
1863.0
843.0
303.0
2253.0
750.0
393.0
1884.0
357.0
1371.0
432.0
873.0
798.0
201.0
537.0
198.0
867.0
951.0
864.0
1002.0
654.0
1083.0
978.0
1059.0
483.0
474.0
1821.0
1032.0
474.0
786.0
591.0
678.0
1005.0
288.0
375.0
387.0
360.0
1104.0
522.0
375.0
597.0
729.0
1728.0
312.0
282.0
351.0
288.0
720.0
543.0
750.0
870.0
774.0
558.0
447.0
795.0
1089.0
1749.0
426.0
1281.0
489.0
915.0
1215.0
753.0
1047.0
240.0
219.0
1473.0
831.0
444.0
2277.0
1461.0
1770.0
1272.0
1071.0
927.0
525.0
900.0
429.0
285.0
873.0
555.0
552.0
714.0
465.0
660.0
1263.0
543.0
261.0
480.0
522.0
795.0
492.0
1593.0
1062.0
1947.0
1251.0
696.0
885.0
963.0
786.0
1788.0
390.0
1137.0
558.0
474.0
786.0
1638.0
2061.0
1059.0
1368.0
612.0
1083.0
288.0
1071.0
519.0
999.0
960.0
1737.0
1149.0
3483.0
456.0
789.0
2412.0
1584.0
858.0
1353.0
1080.0
93.0
1671.0
1074.0
330.0
1338.0
1107.0
354.0
1095.0
1452.0
291.0
3270.0
486.0
1299.0
1023.0
564.0
528.0
585.0
216.0
1041.0
972.0
192.0
1833.0
978.0
693.0
1488.0
1035.0
795.0
507.0
480.0
855.0
918.0
909.0
672.0
801.0
435.0
1251.0
1410.0
786.0
1293.0
1221.0
1314.0
1398.0
444.0
999.0
855.0
1536.0
762.0
669.0
822.0
2340.0
753.0
918.0
573.0
888.0
621.0
3489.0
1098.0
504.0
738.0
1344.0
4398.0
2520.0
903.0
594.0
699.0
1683.0
1665.0
882.0
393.0
1050.0
2511.0
1437.0
2532.0
771.0
1803.0
1065.0
1005.0
1266.0
870.0
972.0
1104.0
3297.0
975.0
111.0
111.0
1848.0
357.0
579.0
288.0
96.0
1134.0
225.0
105.0
975.0
1380.0
432.0
789.0
996.0
1890.0
738.0
345.0
867.0
1242.0
732.0
1146.0
1278.0
1398.0
690.0
873.0
795.0
501.0
864.0
330.0
606.0
897.0
1092.0
492.0
1728.0
1245.0
1047.0
1200.0
702.0
1005.0
543.0
735.0
642.0
855.0
795.0
1122.0
1338.0
1134.0
312.0
411.0
1530.0
1788.0
636.0
747.0
1959.0
1236.0
2631.0
582.0
1212.0
180.0
111.0
801.0
711.0
1242.0
993.0
1116.0
282.0
1125.0
1668.0
366.0
114.0
219.0
648.0
1293.0
441.0
180.0
501.0
360.0
537.0
1353.0
729.0
264.0
1821.0
1131.0
735.0
1653.0
2028.0
1326.0
1344.0
717.0
756.0
999.0
1839.0
1215.0
540.0
2838.0
1002.0
951.0
1149.0
2469.0
336.0
843.0
2400.0
2148.0
795.0
1296.0
2835.0
1320.0
510.0
615.0
2601.0
597.0
699.0
675.0
2370.0
1017.0
1302.0
684.0
522.0
1284.0
1137.0
960.0
1299.0
771.0
1503.0
870.0
1005.0
405.0
1461.0
468.0
2061.0
1146.0
501.0
2715.0
762.0
1311.0
4584.0
546.0
762.0
1053.0
951.0
462.0
294.0
633.0
495.0
726.0
1038.0
993.0
1446.0
1455.0
945.0
612.0
2832.0
510.0
1647.0
2826.0
825.0
948.0
510.0
573.0
1260.0
333.0
942.0
990.0
384.0
1332.0
357.0
387.0
312.0
1017.0
1992.0
447.0
1341.0
603.0
885.0
519.0
204.0
1278.0
2739.0
102.0
450.0
1116.0
858.0
1206.0
1062.0
1077.0
744.0
1476.0
1119.0
549.0
681.0
510.0
786.0
1266.0
435.0
858.0
1392.0
1065.0
1296.0
1920.0
5049.0
4386.0
903.0
891.0
1335.0
3015.0
690.0
642.0
1698.0
600.0
933.0
498.0
1671.0
870.0
1176.0
990.0
483.0
1239.0
1674.0
879.0
630.0
1440.0
1380.0
1326.0
894.0
2193.0
2100.0
1209.0
732.0
2172.0
942.0
762.0
597.0
1074.0
606.0
552.0
957.0
369.0
4032.0
885.0
726.0
4203.0
1224.0
1617.0
1896.0
309.0
3993.0
888.0
1542.0
1386.0
1419.0
339.0
1923.0
978.0
1149.0
780.0
438.0
1044.0
858.0
1812.0
1116.0
1455.0
354.0
150.0
480.0
945.0
1134.0
819.0
1902.0
1353.0
852.0
666.0
792.0
969.0
591.0
759.0
564.0
2193.0
615.0
993.0
543.0
909.0
1197.0
924.0
6381.0
1413.0
1215.0
1059.0
1203.0
885.0
1773.0
1509.0
4809.0
1104.0
2469.0
135.0
1611.0
1395.0
876.0
291.0
1095.0
1848.0
726.0
1542.0
540.0
1269.0
1014.0
2373.0
861.0
966.0
2235.0
1494.0
321.0
402.0
186.0
1785.0
912.0
243.0
708.0
1071.0
411.0
426.0
978.0
477.0
1344.0
1065.0
1152.0
2403.0
486.0
1059.0
2103.0
522.0
2349.0
1473.0
1719.0
1293.0
1149.0
789.0
960.0
3483.0
2412.0
1353.0
456.0
1026.0
192.0
1254.0
315.0
642.0
1062.0
882.0
930.0
216.0
306.0
582.0
432.0
696.0
261.0
204.0
1218.0
387.0
750.0
1422.0
2493.0
324.0
417.0
747.0
1368.0
1260.0
1389.0
984.0
2289.0
1185.0
1425.0
2673.0
936.0
633.0
825.0
1461.0
915.0
183.0
747.0
342.0
615.0
1293.0
1284.0
762.0
684.0
1674.0
1749.0
978.0
561.0
1302.0
1089.0
1140.0
1992.0
99.0
234.0
1215.0
630.0
564.0
474.0
783.0
909.0
339.0
1167.0
666.0
2742.0
1335.0
2040.0
918.0
2625.0
1239.0
918.0
747.0
945.0
849.0
1455.0
1344.0
771.0
648.0
1830.0
594.0
726.0
645.0
483.0
690.0
372.0
855.0
558.0
1191.0
510.0
1941.0
564.0
2100.0
552.0
849.0
849.0
516.0
1368.0
1977.0
1281.0
861.0
801.0
843.0
1899.0
1122.0
651.0
891.0
543.0
1803.0
768.0
750.0
861.0
327.0
543.0
393.0
624.0
909.0
972.0
966.0
567.0
927.0
1464.0
117.0
108.0
621.0
1140.0
777.0
804.0
1056.0
1014.0
789.0
462.0
639.0
864.0
1503.0
858.0
765.0
1932.0
696.0
1737.0
1308.0
906.0
1197.0
915.0
843.0
1386.0
561.0
1662.0
693.0
612.0
843.0
1290.0
1650.0
1092.0
1959.0
1107.0
1140.0
1344.0
1320.0
1188.0
657.0
1338.0
357.0
1410.0
531.0
942.0
2631.0
576.0
543.0
1323.0
2148.0
1872.0
2580.0
633.0
822.0
816.0
2592.0
2106.0
2196.0
1257.0
1560.0
870.0
471.0
537.0
876.0
1347.0
627.0
399.0
654.0
1395.0
420.0
510.0
1272.0
1713.0
408.0
375.0
270.0
1443.0
2805.0
399.0
1452.0
1677.0
2697.0
468.0
2520.0
1488.0
2097.0
2964.0
456.0
924.0
858.0
336.0
228.0
423.0
2031.0
942.0
1119.0
270.0
276.0
3984.0
279.0
834.0
804.0
243.0
663.0
1002.0
1041.0
1326.0
594.0
1386.0
996.0
351.0
1011.0
720.0
1113.0
1809.0
1311.0
195.0
1344.0
786.0
423.0
1407.0
744.0
636.0
1689.0
1071.0
546.0
951.0
1233.0
480.0
792.0
843.0
1197.0
1200.0
2364.0
639.0
1020.0
1857.0
2040.0
765.0
1131.0
735.0
1080.0
1464.0
2631.0
2700.0
993.0
936.0
1026.0
1746.0
1014.0
2259.0
738.0
1899.0
285.0
1533.0
2679.0
1848.0
984.0
678.0
384.0
1332.0
954.0
540.0
591.0
762.0
384.0
2028.0
1260.0
816.0
894.0
1650.0
738.0
723.0
2706.0
816.0
1251.0
1245.0
2985.0
1437.0
1095.0
846.0
1422.0
1317.0
963.0
426.0
645.0
1017.0
759.0
810.0
2280.0
444.0
528.0
756.0
1293.0
630.0
219.0
1140.0
1521.0
1431.0
354.0
864.0
135.0
1956.0
894.0
669.0
753.0
483.0
342.0
327.0
135.0
324.0
141.0
237.0
1266.0
492.0
1098.0
1617.0
633.0
1632.0
1617.0
954.0
1002.0
189.0
897.0
954.0
2418.0
615.0
1080.0
417.0
669.0
234.0
741.0
1119.0
1404.0
747.0
1497.0
1308.0
423.0
318.0
1962.0
312.0
1242.0
525.0
1410.0
966.0
897.0
975.0
315.0
621.0
660.0
219.0
417.0
801.0
870.0
666.0
636.0
693.0
471.0
381.0
420.0
1533.0
1029.0
174.0
1476.0
729.0
531.0
606.0
1263.0
222.0
309.0
3297.0
1908.0
759.0
1914.0
1011.0
789.0
738.0
378.0
936.0
1377.0
579.0
717.0
1116.0
840.0
279.0
900.0
339.0
732.0
216.0
618.0
1455.0
903.0
1641.0
1506.0
411.0
1380.0
669.0
645.0
918.0
861.0
255.0
567.0
1332.0
822.0
1227.0
471.0
9210.0
813.0
1248.0
1428.0
1890.0
2664.0
621.0
2706.0
918.0
1152.0
1263.0
1281.0
663.0
1191.0
906.0
2040.0
1155.0
744.0
1158.0
1551.0
1389.0
501.0
612.0
843.0
990.0
375.0
1215.0
606.0
906.0
2079.0
3711.0
1347.0
1020.0
390.0
306.0
615.0
117.0
1233.0
888.0
1218.0
2289.0
480.0
1416.0
726.0
858.0
678.0
1527.0
1224.0
1080.0
501.0
393.0
360.0
1458.0
237.0
390.0
753.0
2268.0
729.0
1284.0
1503.0
996.0
723.0
852.0
624.0
1677.0
549.0
1734.0
669.0
2034.0
696.0
948.0
1773.0
1011.0
1944.0
234.0
1539.0
702.0
726.0
690.0
597.0
558.0
426.0
1380.0
1983.0
822.0
444.0
627.0
384.0
1317.0
2838.0
795.0
57.0
1239.0
513.0
339.0
297.0
312.0
693.0
1809.0
1932.0
672.0
2529.0
552.0
846.0
264.0
1041.0
258.0
876.0
1563.0
822.0
990.0
771.0
2610.0
1083.0
918.0
1332.0
1989.0
705.0
360.0
1341.0
372.0
987.0
399.0
366.0
375.0
1095.0
114.0
1659.0
213.0
606.0
1575.0
849.0
420.0
1158.0
1572.0
1203.0
834.0
1125.0
996.0
2151.0
1116.0
759.0
1980.0
1638.0
978.0
1110.0
1827.0
336.0
147.0
2790.0
618.0
1164.0
1044.0
492.0
999.0
558.0
2628.0
3696.0
1152.0
1173.0
1308.0
1686.0
1587.0
948.0
879.0
1293.0
1182.0
1437.0
1515.0
1086.0
417.0
1083.0
837.0
96.0
165.0
1755.0
1014.0
3270.0
1536.0
4584.0
1179.0
1029.0
624.0
531.0
2541.0
759.0
1329.0
1158.0
420.0
2352.0
768.0
1422.0
1428.0
1251.0
1317.0
195.0
642.0
636.0
1470.0
849.0
1713.0
915.0
1398.0
1005.0
1338.0
585.0
1305.0
528.0
1158.0
1122.0
1017.0
471.0
1074.0
903.0
714.0
4176.0
693.0
600.0
306.0
1233.0
387.0
2652.0
753.0
411.0
1020.0
1263.0
786.0
1239.0
111.0
912.0
933.0
927.0
2541.0
1776.0
525.0
237.0
540.0
639.0
765.0
204.0
966.0
888.0
189.0
1125.0
465.0
324.0
942.0
978.0
342.0
558.0
1644.0
300.0
570.0
138.0
2910.0
444.0
1356.0
720.0
624.0
264.0
633.0
912.0
975.0
1746.0
1410.0
438.0
483.0
378.0
753.0
333.0
360.0
312.0
279.0
1359.0
606.0
1014.0
573.0
342.0
276.0
1524.0
687.0
1881.0
699.0
2517.0
597.0
3483.0
1584.0
1545.0
1719.0
624.0
306.0
732.0
1008.0
624.0
315.0
396.0
1281.0
666.0
1389.0
834.0
987.0
480.0
258.0
378.0
744.0
795.0
1638.0
1299.0
711.0
480.0
2631.0
186.0
576.0
978.0
477.0
882.0
2832.0
1419.0
1959.0
1308.0
717.0
1023.0
1509.0
537.0
1407.0
876.0
2406.0
1044.0
489.0
924.0
969.0
600.0
2940.0
1140.0
1665.0
894.0
2946.0
1326.0
945.0
1008.0
1221.0
2082.0
1308.0
1440.0
1029.0
9210.0
804.0
648.0
807.0
822.0
1185.0
1047.0
1182.0
753.0
624.0
2862.0
222.0
1092.0
1455.0
4029.0
804.0
1365.0
1056.0
1098.0
459.0
732.0
936.0
2460.0
837.0
1956.0
1668.0
531.0
1014.0
1641.0
843.0
2802.0
1209.0
219.0
1722.0
378.0
471.0
615.0
474.0
1020.0
1998.0
537.0
585.0
813.0
2622.0
1536.0
2778.0
2355.0
1941.0
1104.0
654.0
1038.0
900.0
627.0
612.0
735.0
240.0
636.0
972.0
1530.0
897.0
867.0
1251.0
504.0
753.0
1455.0
3123.0
1320.0
1836.0
1263.0
1482.0
1482.0
1152.0
987.0
1212.0
1344.0
615.0
312.0
270.0
1173.0
1935.0
1488.0
2673.0
879.0
861.0
558.0
882.0
1167.0
810.0
4314.0
1695.0
1260.0
972.0
567.0
789.0
1008.0
1542.0
717.0
2136.0
1299.0
657.0
687.0
864.0
660.0
750.0
2532.0
459.0
1974.0
375.0
1770.0
1413.0
804.0
1008.0
963.0
942.0
900.0
252.0
1035.0
1044.0
774.0
162.0
171.0
531.0
1443.0
1209.0
1026.0
702.0
801.0
2409.0
3555.0
852.0
948.0
393.0
834.0
1299.0
879.0
279.0
585.0
792.0
441.0
897.0
318.0
678.0
477.0
1455.0
468.0
1089.0
900.0
1206.0
654.0
648.0
942.0
1227.0
1617.0
1587.0
798.0
1428.0
9210.0
465.0
1917.0
651.0
486.0
2079.0
588.0
1302.0
822.0
486.0
1590.0
915.0
837.0
531.0
495.0
741.0
1059.0
1968.0
1251.0
510.0
456.0
1293.0
666.0
765.0
654.0
219.0
1347.0
366.0
117.0
624.0
894.0
396.0
849.0
1095.0
687.0
243.0
1197.0
801.0
1026.0
717.0
1170.0
1827.0
297.0
204.0
1182.0
1689.0
4224.0
2076.0
1287.0
3513.0
828.0
1152.0
1308.0
1410.0
966.0
1251.0
1470.0
144.0
786.0
615.0
855.0
459.0
1317.0
1281.0
663.0
1089.0
591.0
618.0
801.0
381.0
1425.0
651.0
384.0
723.0
273.0
2481.0
1206.0
2451.0
1950.0
681.0
930.0
759.0
315.0
1230.0
795.0
855.0
1506.0
726.0
561.0
852.0
402.0
480.0
168.0
978.0
909.0
513.0
2706.0
504.0
378.0
810.0
1254.0
291.0
588.0
678.0
1494.0
1020.0
882.0
852.0
609.0
2946.0
2391.0
1590.0
1239.0
1149.0
1800.0
741.0
564.0
732.0
1653.0
1812.0
489.0
474.0
357.0
681.0
939.0
828.0
1425.0
1023.0
606.0
1521.0
1065.0
1263.0
783.0
918.0
1197.0
399.0
2712.0
618.0
810.0
435.0
1395.0
609.0
825.0
582.0
1002.0
2865.0
372.0
1407.0
897.0
549.0
1311.0
1419.0
1128.0
1692.0
852.0
906.0
4146.0
5706.0
3240.0
1452.0
399.0
618.0
1047.0
609.0
204.0
186.0
3162.0
744.0
2826.0
1734.0
813.0
915.0
1554.0
285.0
540.0
723.0
1221.0
480.0
381.0
507.0
777.0
1008.0
1329.0
474.0
1302.0
723.0
1557.0
825.0
1524.0
435.0
279.0
1548.0
1056.0
1158.0
1245.0
1209.0
1917.0
258.0
999.0
2517.0
2028.0
978.0
720.0
1881.0
699.0
1545.0
1296.0
1893.0
669.0
948.0
1434.0
1434.0
603.0
582.0
234.0
2178.0
570.0
783.0
2259.0
996.0
1083.0
1011.0
1128.0
888.0
2094.0
4554.0
906.0
1224.0
1224.0
576.0
1005.0
642.0
642.0
1428.0
282.0
1299.0
1422.0
1446.0
846.0
957.0
471.0
375.0
1383.0
462.0
1392.0
1380.0
1272.0
738.0
1680.0
900.0
1968.0
921.0
939.0
618.0
711.0
2760.0
282.0
357.0
393.0
1653.0
693.0
1668.0
1545.0
1314.0
675.0
195.0
567.0
216.0
186.0
189.0
699.0
2766.0
690.0
1485.0
2427.0
204.0
603.0
3426.0
381.0
2334.0
918.0
1098.0
1131.0
513.0
549.0
2469.0
270.0
1806.0
1623.0
300.0
1002.0
642.0
1986.0
630.0
945.0
630.0
978.0
519.0
1992.0
1728.0
738.0
792.0
369.0
258.0
117.0
1332.0
435.0
180.0
504.0
354.0
276.0
825.0
990.0
621.0
1164.0
1356.0
852.0
888.0
1278.0
906.0
381.0
2487.0
1080.0
849.0
750.0
858.0
291.0
2988.0
1242.0
1215.0
1506.0
3993.0
816.0
636.0
744.0
2193.0
1446.0
1131.0
2040.0
2862.0
1440.0
2631.0
1464.0
1749.0
1617.0
417.0
447.0
741.0
1248.0
795.0
1644.0
576.0
528.0
1248.0
2049.0
261.0
798.0
630.0
294.0
2124.0
744.0
438.0
1059.0
936.0
1701.0
576.0
1020.0
1080.0
1662.0
1218.0
876.0
2223.0
1518.0
843.0
1146.0
2103.0
981.0
1593.0
2079.0
1482.0
1470.0
1863.0
546.0
528.0
642.0
1578.0
549.0
1506.0
120.0
1008.0
1096.0
198.0
144.0
141.0
228.0
1362.0
426.0
606.0
297.0
519.0
492.0
315.0
537.0
1074.0
1194.0
747.0
732.0
1251.0
3162.0
4335.0
2421.0
1026.0
180.0
546.0
708.0
375.0
654.0
1806.0
531.0
1731.0
4203.0
813.0
1488.0
1785.0
537.0
1545.0
3846.0
1551.0
789.0
411.0
738.0
1935.0
672.0
1653.0
459.0
285.0
1668.0
246.0
435.0
477.0
915.0
342.0
2124.0
1458.0
1269.0
1335.0
1167.0
1395.0
1038.0
489.0
945.0
930.0
1302.0
330.0
618.0
306.0
327.0
408.0
306.0
288.0
216.0
2349.0
1719.0
1860.0
306.0
627.0
1464.0
753.0
558.0
696.0
723.0
936.0
456.0
1815.0
582.0
1242.0
1311.0
1083.0
333.0
546.0
888.0
1017.0
813.0
1410.0
2316.0
2703.0
1011.0
1452.0
1329.0
1008.0
897.0
1707.0
1152.0
954.0
1293.0
1383.0
621.0
948.0
510.0
183.0
1401.0
471.0
1368.0
429.0
393.0
297.0
393.0
1104.0
273.0
438.0
1167.0
2793.0
711.0
1905.0
2223.0
1644.0
1461.0
975.0
525.0
213.0
1200.0
840.0
906.0
294.0
1671.0
936.0
885.0
804.0
933.0
882.0
354.0
1020.0
1845.0
588.0
270.0
681.0
2166.0
1452.0
528.0
300.0
702.0
750.0
1677.0
573.0
1923.0
1185.0
1197.0
930.0
2379.0
1017.0
357.0
552.0
192.0
1242.0
432.0
753.0
1044.0
558.0
615.0
2373.0
315.0
369.0
939.0
1251.0
240.0
1395.0
1071.0
720.0
666.0
1101.0
1392.0
222.0
228.0
1948.0
1719.0
906.0
915.0
819.0
1647.0
1488.0
1227.0
1398.0
1080.0
540.0
543.0
1803.0
1758.0
309.0
1881.0
141.0
2217.0
381.0
978.0
897.0
1215.0
732.0
393.0
429.0
1878.0
453.0
321.0
888.0
807.0
954.0
228.0
930.0
945.0
1776.0
651.0
489.0
1194.0
609.0
657.0
912.0
2547.0
1518.0
774.0
2904.0
1038.0
1146.0
1293.0
921.0
1512.0
1164.0
852.0
1662.0
1269.0
2004.0
1515.0
1368.0
1572.0
1080.0
1533.0
1575.0
1461.0
1485.0
1233.0
1140.0
945.0
1077.0
783.0
534.0
1887.0
1359.0
354.0
2931.0
2865.0
1278.0
1431.0
219.0
264.0
462.0
1476.0
471.0
306.0
792.0
1368.0
432.0
2541.0
1470.0
1035.0
876.0
423.0
2388.0
1053.0
1863.0
1893.0
681.0
1272.0
270.0
939.0
594.0
2028.0
2337.0
1398.0
429.0
594.0
900.0
2544.0
1428.0
1209.0
1095.0
708.0
1200.0
516.0
2964.0
885.0
405.0
1365.0
510.0
1260.0
1101.0
1539.0
672.0
1023.0
627.0
729.0
555.0
1050.0
921.0
324.0
384.0
744.0
1335.0
279.0
312.0
1215.0
2988.0
855.0
849.0
291.0
486.0
243.0
279.0
858.0
987.0
1002.0
2808.0
921.0
696.0
1302.0
249.0
399.0
417.0
1941.0
612.0
198.0
567.0
294.0
900.0
756.0
951.0
1137.0
1440.0
2079.0
366.0
1767.0
1488.0
1317.0
480.0
2355.0
660.0
942.0
849.0
876.0
4380.0
1245.0
1068.0
1536.0
1233.0
1032.0
372.0
750.0
1023.0
879.0
978.0
2070.0
1650.0
1590.0
1005.0
543.0
549.0
258.0
990.0
630.0
660.0
165.0
228.0
654.0
1434.0
1242.0
363.0
1014.0
216.0
1746.0
1983.0
1074.0
1101.0
1113.0
561.0
423.0
978.0
627.0
1179.0
603.0
513.0
876.0
1041.0
1572.0
702.0
573.0
858.0
2031.0
588.0
333.0
279.0
552.0
1011.0
471.0
375.0
312.0
2115.0
606.0
630.0
822.0
303.0
927.0
669.0
813.0
885.0
552.0
804.0
450.0
654.0
873.0
207.0
447.0
105.0
951.0
2013.0
1005.0
756.0
348.0
1878.0
117.0
138.0
108.0
240.0
171.0
1026.0
951.0
939.0
747.0
237.0
3522.0
951.0
1329.0
1629.0
846.0
474.0
1095.0
777.0
777.0
1137.0
552.0
618.0
627.0
825.0
732.0
519.0
3813.0
4284.0
2118.0
543.0
699.0
1401.0
768.0
1578.0
867.0
543.0
2157.0
1350.0
1242.0
1101.0
222.0
1257.0
438.0
945.0
591.0
633.0
843.0
1299.0
312.0
2850.0
279.0
333.0
702.0
639.0
630.0
1704.0
303.0
825.0
1752.0
1356.0
861.0
2280.0
1206.0
1908.0
354.0
303.0
2103.0
1239.0
735.0
1395.0
630.0
381.0
255.0
516.0
468.0
210.0
3048.0
1263.0
606.0
591.0
540.0
1641.0
417.0
537.0
942.0
1014.0
450.0
582.0
933.0
657.0
672.0
1344.0
300.0
654.0
651.0
1473.0
879.0
1128.0
987.0
504.0
804.0
1119.0
1275.0
768.0
906.0
381.0
624.0
723.0
2190.0
453.0
321.0
285.0
1293.0
603.0
1512.0
864.0
342.0
885.0
531.0
693.0
1578.0
243.0
846.0
3414.0
270.0
786.0
1386.0
447.0
177.0
519.0
345.0
552.0
396.0
939.0
1554.0
924.0
780.0
504.0
1758.0
858.0
945.0
1161.0
921.0
747.0
2568.0
1560.0
765.0
987.0
1377.0
1419.0
576.0
648.0
861.0
795.0
765.0
2415.0
1161.0
1710.0
1188.0
2109.0
882.0
801.0
1695.0
2625.0
1023.0
1908.0
1674.0
2868.0
1575.0
291.0
882.0
1308.0
585.0
1416.0
858.0
1050.0
1077.0
594.0
783.0
909.0
1404.0
1101.0
957.0
732.0
1017.0
936.0
879.0
1368.0
1191.0
816.0
738.0
741.0
756.0
558.0
681.0
1506.0
1035.0
423.0
513.0
1578.0
1059.0
909.0
771.0
1749.0
1011.0
1410.0
1068.0
1038.0
1068.0
1764.0
882.0
1134.0
435.0
225.0
975.0
2421.0
177.0
1407.0
1044.0
1509.0
876.0
495.0
537.0
1959.0
1023.0
1233.0
204.0
1188.0
438.0
540.0
378.0
735.0
4302.0
3810.0
531.0
291.0
1287.0
1497.0
531.0
2211.0
273.0
735.0
1161.0
879.0
945.0
1014.0
2142.0
576.0
849.0
1599.0
2226.0
1011.0
1353.0
906.0
7800.0
2178.0
861.0
561.0
393.0
2361.0
366.0
1767.0
1488.0
1359.0
1083.0
1317.0
1158.0
1068.0
1476.0
273.0
732.0
825.0
915.0
123.0
180.0
987.0
303.0
1074.0
498.0
228.0
1629.0
675.0
894.0
315.0
1782.0
741.0
249.0
774.0
957.0
351.0
1074.0
768.0
783.0
1359.0
555.0
543.0
1089.0
735.0
693.0
489.0
981.0
348.0
249.0
1356.0
696.0
2547.0
765.0
414.0
723.0
1467.0
1359.0
1401.0
3519.0
594.0
2628.0
660.0
930.0
1374.0
219.0
1140.0
1833.0
1818.0
177.0
675.0
798.0
1824.0
252.0
1938.0
1269.0
894.0
711.0
198.0
1326.0
753.0
507.0
1356.0
1392.0
1290.0
315.0
369.0
2814.0
762.0
534.0
393.0
306.0
540.0
1185.0
996.0
534.0
471.0
969.0
1830.0
1317.0
630.0
2379.0
348.0
876.0
837.0
981.0
1077.0
1011.0
1155.0
1437.0
543.0
297.0
300.0
423.0
360.0
222.0
297.0
351.0
336.0
1872.0
1044.0
447.0
1620.0
1062.0
1308.0
402.0
2466.0
336.0
1851.0
516.0
387.0
1473.0
1275.0
1119.0
432.0
1215.0
804.0
711.0
369.0
393.0
1806.0
1008.0
1452.0
3480.0
960.0
2229.0
687.0
771.0
849.0
1839.0
534.0
2070.0
333.0
357.0
258.0
420.0
447.0
759.0
468.0
207.0
336.0
345.0
246.0
192.0
240.0
186.0
708.0
1878.0
1299.0
1188.0
1035.0
648.0
795.0
726.0
825.0
2673.0
1281.0
699.0
441.0
480.0
348.0
663.0
369.0
1293.0
1260.0
576.0
312.0
972.0
393.0
429.0
519.0
726.0
1071.0
492.0
1194.0
1854.0
246.0
261.0
1686.0
1128.0
1524.0
393.0
633.0
216.0
1380.0
1602.0
1179.0
2025.0
3333.0
363.0
954.0
618.0
540.0
909.0
909.0
477.0
531.0
414.0
882.0
75.0
1092.0
2328.0
255.0
555.0
2061.0
525.0
777.0
1014.0
810.0
579.0
618.0
732.0
384.0
594.0
765.0
1458.0
333.0
1509.0
1548.0
387.0
870.0
882.0
1455.0
309.0
186.0
462.0
222.0
546.0
762.0
219.0
402.0
1263.0
201.0
369.0
1392.0
321.0
1656.0
1902.0
1041.0
1143.0
741.0
1404.0
2583.0
756.0
1134.0
591.0
1113.0
873.0
1998.0
1032.0
1242.0
1020.0
1122.0
1065.0
1029.0
858.0
609.0
1878.0
627.0
756.0
705.0
675.0
585.0
447.0
603.0
846.0
1491.0
1317.0
8460.0
597.0
294.0
525.0
837.0
876.0
891.0
675.0
924.0
732.0
429.0
1011.0
495.0
570.0
1113.0
1398.0
1239.0
1059.0
2550.0
1944.0
1557.0
177.0
435.0
198.0
357.0
390.0
1335.0
114.0
387.0
531.0
621.0
993.0
1335.0
708.0
1233.0
525.0
2676.0
765.0
708.0
708.0
747.0
414.0
492.0
1584.0
516.0
1218.0
348.0
969.0
180.0
501.0
354.0
534.0
621.0
390.0
369.0
435.0
387.0
987.0
1551.0
1773.0
369.0
1299.0
312.0
249.0
1638.0
186.0
879.0
2643.0
1014.0
873.0
309.0
285.0
1287.0
1275.0
1779.0
1140.0
1125.0
1002.0
930.0
1587.0
1011.0
1485.0
1530.0
1857.0
1407.0
1305.0
2076.0
528.0
1101.0
1800.0
900.0
813.0
1407.0
2124.0
477.0
1092.0
306.0
648.0
936.0
405.0
1701.0
996.0
1419.0
474.0
936.0
951.0
825.0
522.0
477.0
201.0
1065.0
399.0
360.0
1035.0
8682.0
651.0
291.0
699.0
1320.0
1053.0
1575.0
1236.0
945.0
996.0
981.0
429.0
585.0
339.0
1596.0
588.0
930.0
1191.0
519.0
972.0
1470.0
2574.0
1356.0
1473.0
960.0
726.0
1128.0
1038.0
1110.0
612.0
1275.0
1209.0
1047.0
468.0
762.0
1191.0
876.0
2532.0
936.0
933.0
588.0
996.0
1011.0
630.0
648.0
1836.0
612.0
891.0
1209.0
456.0
831.0
2010.0
2385.0
240.0
180.0
282.0
759.0
177.0
1365.0
780.0
1794.0
927.0
3555.0
681.0
237.0
1335.0
1944.0
711.0
1551.0
993.0
882.0
969.0
3441.0
786.0
3126.0
981.0
609.0
1620.0
270.0
3342.0
879.0
567.0
1233.0
1485.0
339.0
870.0
609.0
1371.0
1245.0
1344.0
852.0
1662.0
792.0
1515.0
726.0
759.0
858.0
795.0
726.0
699.0
825.0
558.0
1197.0
852.0
726.0
1197.0
330.0
882.0
1344.0
594.0
1029.0
231.0
942.0
615.0
561.0
1458.0
459.0
1170.0
1407.0
777.0
192.0
1299.0
777.0
1572.0
1056.0
252.0
1164.0
825.0
1581.0
1845.0
174.0
1458.0
1623.0
747.0
1947.0
1083.0
510.0
654.0
255.0
411.0
255.0
753.0
198.0
348.0
2721.0
687.0
441.0
1809.0
486.0
1962.0
639.0
1923.0
645.0
1293.0
2136.0
4584.0
573.0
1119.0
801.0
1185.0
1152.0
3000.0
825.0
1059.0
204.0
843.0
282.0
672.0
303.0
306.0
654.0
1191.0
1440.0
438.0
987.0
927.0
594.0
825.0
525.0
366.0
699.0
267.0
561.0
621.0
4356.0
642.0
1245.0
1653.0
1353.0
1527.0
267.0
1680.0
708.0
810.0
1848.0
1350.0
309.0
387.0
471.0
456.0
420.0
1266.0
624.0
1428.0
618.0
759.0
972.0
2106.0
222.0
288.0
1086.0
1245.0
1104.0
1188.0
1005.0
948.0
1635.0
1074.0
813.0
1788.0
1182.0
963.0
1236.0
1014.0
954.0
3534.0
1233.0
534.0
1647.0
1593.0
1224.0
636.0
474.0
1563.0
1035.0
1104.0
1011.0
462.0
1140.0
288.0
957.0
366.0
243.0
516.0
453.0
471.0
471.0
894.0
537.0
903.0
408.0
321.0
753.0
333.0
1461.0
198.0
1332.0
414.0
918.0
837.0
486.0
2025.0
570.0
741.0
1065.0
942.0
741.0
1359.0
1260.0
4224.0
4029.0
630.0
435.0
633.0
651.0
759.0
237.0
1071.0
264.0
1248.0
729.0
300.0
711.0
876.0
957.0
483.0
1389.0
396.0
516.0
1191.0
558.0
432.0
723.0
402.0
1068.0
387.0
1422.0
1281.0
1542.0
876.0
855.0
930.0
1449.0
1098.0
1035.0
1068.0
714.0
1881.0
858.0
1221.0
1215.0
1275.0
1473.0
1119.0
510.0
987.0
879.0
1128.0
1215.0
915.0
2016.0
1416.0
804.0
1020.0
792.0
1023.0
429.0
540.0
258.0
573.0
90.0
552.0
897.0
975.0
681.0
468.0
228.0
741.0
537.0
4203.0
435.0
291.0
129.0
1035.0
1455.0
495.0
609.0
702.0
1332.0
855.0
1029.0
1413.0
2709.0
1338.0
102.0
1017.0
1941.0
972.0
1878.0
552.0
267.0
678.0
354.0
945.0
1518.0
843.0
852.0
1683.0
744.0
810.0
1443.0
600.0
738.0
1221.0
1293.0
1707.0
1017.0
909.0
1353.0
990.0
660.0
750.0
372.0
354.0
645.0
1095.0
1965.0
819.0
1128.0
1818.0
1026.0
396.0
1482.0
1083.0
771.0
315.0
1389.0
939.0
708.0
804.0
267.0
1194.0
1422.0
555.0
591.0
2598.0
855.0
834.0
1083.0
1257.0
624.0
852.0
948.0
585.0
867.0
723.0
1734.0
549.0
1011.0
1773.0
948.0
696.0
624.0
852.0
1083.0
1257.0
942.0
1665.0
2370.0
1389.0
1050.0
1359.0
312.0
975.0
12456.0
2625.0
792.0
1386.0
720.0
216.0
1140.0
1158.0
228.0
984.0
93.0
1227.0
579.0
564.0
1428.0
426.0
2364.0
4809.0
417.0
1848.0
1242.0
822.0
2193.0
1077.0
1518.0
1179.0
1155.0
948.0
1359.0
732.0
3372.0
1197.0
1275.0
1149.0
504.0
615.0
879.0
663.0
861.0
1167.0
1356.0
177.0
717.0
618.0
1305.0
543.0
1176.0
237.0
1215.0
1458.0
468.0
1332.0
345.0
375.0
390.0
492.0
1245.0
939.0
321.0
3186.0
1536.0
375.0
954.0
1047.0
1275.0
402.0
1140.0
1896.0
852.0
321.0
1221.0
711.0
1014.0
3234.0
1047.0
1131.0
945.0
714.0
276.0
441.0
1044.0
705.0
1716.0
648.0
318.0
774.0
930.0
795.0
1446.0
366.0
633.0
1176.0
1026.0
585.0
1329.0
924.0
903.0
1311.0
1143.0
633.0
858.0
1317.0
804.0
348.0
621.0
738.0
1551.0
819.0
270.0
747.0
183.0
705.0
1323.0
1674.0
684.0
978.0
1749.0
693.0
546.0
1293.0
615.0
2130.0
666.0
1563.0
1578.0
393.0
822.0
1929.0
645.0
462.0
471.0
420.0
978.0
1863.0
975.0
843.0
972.0
1104.0
912.0
1929.0
1290.0
1239.0
1902.0
1662.0
369.0
414.0
333.0
978.0
297.0
834.0
1287.0
2421.0
636.0
1323.0
849.0
1017.0
654.0
414.0
456.0
1221.0
465.0
1380.0
1338.0
1320.0
612.0
1458.0
1044.0
219.0
1152.0
312.0
387.0
1332.0
3690.0
1251.0
1233.0
816.0
303.0
411.0
1716.0
1599.0
423.0
1752.0
1554.0
726.0
351.0
2097.0
1176.0
2118.0
1704.0
4317.0
882.0
783.0
1308.0
768.0
939.0
351.0
405.0
1191.0
618.0
621.0
717.0
1395.0
615.0
2610.0
1089.0
822.0
1872.0
1953.0
2511.0
1143.0
765.0
1329.0
1254.0
633.0
1158.0
327.0
1425.0
1011.0
1737.0
1023.0
900.0
435.0
420.0
2040.0
942.0
747.0
1071.0
261.0
744.0
636.0
765.0
1056.0
819.0
552.0
366.0
618.0
366.0
921.0
954.0
405.0
450.0
222.0
477.0
891.0
957.0
420.0
1698.0
708.0
750.0
1260.0
2037.0
888.0
807.0
1065.0
162.0
684.0
810.0
1263.0
2217.0
1275.0
270.0
318.0
189.0
804.0
927.0
2490.0
1794.0
2631.0
429.0
738.0
720.0
543.0
2034.0
999.0
669.0
1251.0
660.0
1251.0
1290.0
1257.0
1533.0
483.0
591.0
807.0
522.0
315.0
1923.0
219.0
552.0
195.0
360.0
993.0
1641.0
2382.0
1152.0
1011.0
1410.0
339.0
801.0
225.0
1398.0
1449.0
906.0
1830.0
669.0
1599.0
534.0
1803.0
1155.0
1191.0
2115.0
897.0
1020.0
1461.0
171.0
456.0
1134.0
780.0
957.0
2304.0
2067.0
2418.0
1101.0
1383.0
138.0
357.0
1626.0
1011.0
1608.0
2040.0
474.0
624.0
456.0
1101.0
2415.0
141.0
1401.0
1647.0
360.0
1371.0
726.0
225.0
804.0
648.0
1119.0
426.0
1749.0
942.0
432.0
1338.0
348.0
687.0
597.0
2601.0
699.0
750.0
1401.0
1170.0
561.0
186.0
735.0
255.0
936.0
1131.0
594.0
1332.0
642.0
510.0
729.0
447.0
408.0
456.0
1710.0
807.0
924.0
1314.0
498.0
1332.0
885.0
504.0
273.0
1335.0
903.0
603.0
1560.0
336.0
888.0
1578.0
504.0
561.0
561.0
648.0
1086.0
795.0
435.0
348.0
555.0
495.0
2625.0
672.0
192.0
468.0
1329.0
7572.0
1140.0
1605.0
819.0
609.0
936.0
1590.0
627.0
1164.0
1215.0
948.0
1842.0
1851.0
1359.0
1485.0
996.0
963.0
930.0
825.0
1158.0
423.0
558.0
720.0
273.0
2364.0
1296.0
993.0
1077.0
1179.0
1377.0
513.0
252.0
1338.0
1191.0
1458.0
627.0
1035.0
1107.0
894.0
1719.0
513.0
1479.0
1641.0
372.0
1371.0
1830.0
1647.0
141.0
756.0
957.0
1359.0
1260.0
1404.0
423.0
1308.0
597.0
669.0
270.0
267.0
243.0
777.0
129.0
147.0
498.0
438.0
363.0
585.0
1011.0
288.0
825.0
726.0
525.0
1923.0
1284.0
1932.0
1560.0
477.0
948.0
867.0
1377.0
1008.0
1011.0
273.0
780.0
942.0
354.0
420.0
984.0
921.0
1314.0
900.0
765.0
654.0
537.0
645.0
300.0
1545.0
1365.0
615.0
546.0
987.0
1929.0
543.0
996.0
828.0
1773.0
696.0
549.0
1734.0
2034.0
252.0
672.0
1797.0
3285.0
2364.0
1050.0
504.0
2100.0
813.0
426.0
1041.0
822.0
801.0
678.0
2826.0
369.0
744.0
1905.0
1830.0
1026.0
1257.0
1461.0
183.0
1290.0
237.0
1185.0
1224.0
696.0
540.0
1197.0
1410.0
207.0
114.0
894.0
390.0
1944.0
822.0
738.0
1203.0
1527.0
1065.0
741.0
501.0
528.0
102.0
1386.0
1494.0
666.0
1662.0
588.0
912.0
915.0
1365.0
696.0
1662.0
834.0
1536.0
906.0
2679.0
183.0
618.0
603.0
1083.0
2049.0
1557.0
261.0
1299.0
375.0
309.0
492.0
618.0
321.0
228.0
258.0
1041.0
732.0
4074.0
369.0
696.0
432.0
333.0
276.0
312.0
471.0
414.0
687.0
1830.0
447.0
1365.0
474.0
345.0
252.0
273.0
1638.0
1320.0
2055.0
1260.0
1020.0
501.0
486.0
717.0
420.0
1119.0
906.0
624.0
768.0
2364.0
549.0
420.0
519.0
1323.0
747.0
4461.0
705.0
882.0
1047.0
1644.0
978.0
312.0
519.0
2916.0
1374.0
660.0
693.0
1272.0
594.0
294.0
1464.0
1377.0
1083.0
1200.0
1074.0
1443.0
777.0
309.0
429.0
2502.0
2643.0
387.0
1257.0
3567.0
3642.0
219.0
366.0
384.0
939.0
1026.0
2496.0
1059.0
1203.0
1224.0
441.0
606.0
390.0
1197.0
1413.0
882.0
642.0
1047.0
1113.0
957.0
1539.0
2619.0
771.0
1671.0
1008.0
990.0
696.0
2757.0
321.0
2331.0
531.0
897.0
1176.0
1668.0
2583.0
1539.0
1032.0
591.0
1134.0
1779.0
1041.0
2379.0
1749.0
1593.0
912.0
1011.0
2703.0
1044.0
2259.0
996.0
888.0
1311.0
1413.0
969.0
174.0
2607.0
1098.0
471.0
1224.0
738.0
1566.0
456.0
417.0
615.0
816.0
336.0
1365.0
1344.0
705.0
516.0
1962.0
861.0
330.0
627.0
867.0
1362.0
1665.0
222.0
1293.0
240.0
1485.0
1491.0
1263.0
336.0
2598.0
498.0
777.0
267.0
420.0
681.0
570.0
873.0
936.0
1131.0
1209.0
2547.0
414.0
2400.0
1068.0
774.0
717.0
891.0
1242.0
528.0
3321.0
732.0
2640.0
1029.0
3879.0
4173.0
885.0
822.0
2688.0
633.0
969.0
1215.0
936.0
675.0
948.0
399.0
564.0
591.0
549.0
384.0
987.0
876.0
489.0
1221.0
894.0
570.0
1416.0
2016.0
636.0
327.0
306.0
741.0
558.0
1782.0
831.0
774.0
345.0
972.0
858.0
537.0
348.0
657.0
1140.0
2361.0
264.0
327.0
393.0
312.0
261.0
1020.0
381.0
1494.0
1530.0
1122.0
2076.0
1485.0
1737.0
399.0
801.0
957.0
483.0
816.0
783.0
1407.0
963.0
795.0
342.0
369.0
2907.0
888.0
2478.0
2904.0
1623.0
447.0
423.0
1395.0
2022.0
1197.0
1047.0
408.0
1221.0
702.0
2697.0
369.0
1869.0
4218.0
324.0
471.0
375.0
2340.0
1347.0
1020.0
1074.0
1278.0
480.0
1146.0
1290.0
1392.0
939.0
1476.0
669.0
1056.0
855.0
1107.0
357.0
375.0
471.0
2115.0
312.0
1347.0
1284.0
2826.0
1293.0
1086.0
1257.0
687.0
687.0
723.0
1311.0
666.0
426.0
1122.0
327.0
819.0
621.0
1188.0
1116.0
1278.0
1302.0
963.0
738.0
1266.0
198.0
2877.0
489.0
942.0
771.0
594.0
1533.0
558.0
261.0
651.0
876.0
1620.0
1398.0
978.0
987.0
1362.0
2283.0
441.0
303.0
543.0
912.0
693.0
981.0
462.0
423.0
522.0
495.0
1386.0
912.0
1194.0
843.0
855.0
609.0
2022.0
522.0
984.0
1149.0
303.0
1008.0
1314.0
345.0
1002.0
459.0
1152.0
762.0
1485.0
495.0
495.0
1008.0
795.0
93.0
243.0
228.0
1158.0
537.0
108.0
174.0
165.0
540.0
2136.0
468.0
288.0
531.0
2421.0
291.0
1416.0
609.0
4029.0
366.0
1065.0
4224.0
1671.0
975.0
1104.0
912.0
864.0
843.0
1233.0
660.0
792.0
942.0
660.0
984.0
387.0
879.0
777.0
1353.0
1455.0
1050.0
708.0
882.0
777.0
870.0
1935.0
1044.0
270.0
870.0
786.0
489.0
606.0
1122.0
216.0
1242.0
2625.0
1305.0
762.0
1191.0
1011.0
195.0
822.0
465.0
1275.0
2367.0
1011.0
1290.0
1341.0
399.0
645.0
441.0
1254.0
1371.0
687.0
1080.0
1236.0
879.0
228.0
1227.0
1377.0
213.0
399.0
477.0
1980.0
648.0
1377.0
678.0
1557.0
1290.0
531.0
3600.0
3582.0
627.0
1395.0
150.0
1401.0
1452.0
309.0
372.0
501.0
699.0
180.0
2367.0
1191.0
1434.0
612.0
555.0
1002.0
1110.0
1215.0
999.0
2034.0
1410.0
2181.0
732.0
489.0
684.0
1785.0
780.0
963.0
1083.0
1260.0
936.0
1302.0
501.0
231.0
435.0
195.0
360.0
795.0
672.0
480.0
507.0
1854.0
1065.0
720.0
474.0
597.0
354.0
822.0
408.0
207.0
375.0
954.0
990.0
1389.0
930.0
1698.0
1590.0
975.0
1644.0
369.0
288.0
537.0
1326.0
1638.0
660.0
483.0
411.0
957.0
876.0
795.0
324.0
516.0
1134.0
1482.0
1335.0
1182.0
921.0
612.0
1062.0
885.0
2832.0
510.0
276.0
1539.0
1254.0
258.0
1458.0
1161.0
951.0
963.0
1008.0
1053.0
969.0
1137.0
1287.0
2427.0
630.0
1512.0
1221.0
1521.0
4176.0
1392.0
3162.0
765.0
309.0
1773.0
1302.0
612.0
993.0
1104.0
417.0
477.0
648.0
738.0
786.0
1269.0
1455.0
885.0
693.0
816.0
1512.0
1296.0
732.0
1044.0
366.0
804.0
2058.0
753.0
588.0
198.0
348.0
1962.0
639.0
687.0
441.0
2856.0
1809.0
333.0
975.0
972.0
1848.0
471.0
1104.0
711.0
1113.0
1305.0
1398.0
321.0
663.0
858.0
1806.0
435.0
1107.0
933.0
429.0
393.0
438.0
807.0
2064.0
1425.0
1812.0
1176.0
813.0
1479.0
735.0
651.0
1206.0
807.0
1122.0
906.0
543.0
717.0
2055.0
2580.0
4365.0
888.0
1212.0
699.0
645.0
432.0
438.0
894.0
537.0
999.0
147.0
384.0
1008.0
372.0
3996.0
1401.0
984.0
228.0
276.0
1083.0
645.0
486.0
255.0
651.0
1587.0
693.0
828.0
1359.0
1074.0
621.0
420.0
810.0
366.0
711.0
3885.0
150.0
711.0
507.0
756.0
357.0
477.0
342.0
660.0
1182.0
348.0
696.0
345.0
654.0
1044.0
552.0
996.0
429.0
1617.0
648.0
1002.0
906.0
1242.0
777.0
1467.0
381.0
1998.0
1458.0
945.0
2463.0
930.0
735.0
3186.0
321.0
519.0
1536.0
4461.0
1401.0
1323.0
705.0
1407.0
450.0
921.0
1461.0
225.0
1311.0
660.0
681.0
273.0
972.0
1203.0
930.0
1194.0
402.0
843.0
1359.0
2547.0
339.0
1518.0
1251.0
1107.0
609.0
2283.0
1422.0
1269.0
1674.0
1935.0
462.0
1977.0
606.0
588.0
570.0
1731.0
1272.0
1353.0
741.0
1830.0
1371.0
1641.0
1494.0
2076.0
606.0
546.0
633.0
822.0
783.0
951.0
1845.0
822.0
1791.0
372.0
1320.0
1017.0
1281.0
2637.0
1023.0
1167.0
1389.0
1134.0
351.0
345.0
1434.0
804.0
915.0
1053.0
501.0
2586.0
549.0
699.0
1044.0
516.0
753.0
507.0
312.0
297.0
249.0
225.0
1362.0
1893.0
798.0
549.0
384.0
795.0
252.0
348.0
1356.0
738.0
1134.0
1389.0
3384.0
333.0
1329.0
357.0
501.0
435.0
393.0
534.0
414.0
540.0
822.0
687.0
783.0
879.0
9690.0
444.0
699.0
939.0
618.0
627.0
2118.0
306.0
402.0
477.0
513.0
375.0
402.0
2388.0
984.0
357.0
750.0
249.0
228.0
270.0
780.0
267.0
645.0
1074.0
1341.0
198.0
96.0
429.0
549.0
396.0
963.0
1194.0
489.0
702.0
1104.0
210.0
258.0
1290.0
564.0
471.0
1368.0
411.0
435.0
1848.0
438.0
390.0
894.0
1371.0
1983.0
540.0
738.0
1083.0
1101.0
1428.0
1890.0
327.0
228.0
219.0
378.0
357.0
864.0
675.0
993.0
129.0
216.0
837.0
741.0
2511.0
489.0
2415.0
1128.0
1317.0
1143.0
507.0
1035.0
1308.0
921.0
876.0
1011.0
1296.0
762.0
1662.0
2082.0
471.0
987.0
1185.0
810.0
1314.0
972.0
1023.0
441.0
804.0
1809.0
411.0
528.0
258.0
807.0
843.0
885.0
852.0
1191.0
1005.0
831.0
3009.0
645.0
1188.0
552.0
708.0
2820.0
396.0
1767.0
990.0
639.0
1467.0
2466.0
1692.0
1278.0
1341.0
1917.0
1137.0
1215.0
789.0
1467.0
1293.0
2676.0
1320.0
1083.0
1089.0
387.0
921.0
1068.0
1383.0
1479.0
690.0
831.0
936.0
1902.0
594.0
1749.0
465.0
804.0
231.0
225.0
546.0
819.0
861.0
345.0
546.0
327.0
1599.0
1509.0
2259.0
738.0
1032.0
1296.0
1341.0
711.0
1017.0
489.0
564.0
1131.0
417.0
1221.0
225.0
471.0
915.0
531.0
561.0
870.0
249.0
186.0
1350.0
1890.0
2265.0
1356.0
1245.0
1221.0
540.0
564.0
444.0
4380.0
2964.0
378.0
342.0
801.0
1041.0
2565.0
12456.0
2625.0
504.0
1218.0
315.0
372.0
306.0
540.0
1410.0
1584.0
1419.0
3555.0
1752.0
1290.0
1743.0
2298.0
2166.0
2190.0
501.0
3009.0
1677.0
429.0
747.0
654.0
351.0
417.0
813.0
873.0
858.0
1650.0
267.0
1218.0
543.0
1005.0
285.0
864.0
936.0
528.0
1347.0
291.0
1071.0
861.0
612.0
2100.0
432.0
576.0
1071.0
972.0
1236.0
675.0
2730.0
534.0
828.0
888.0
1743.0
450.0
1107.0
1227.0
510.0
495.0
471.0
480.0
711.0
312.0
1299.0
1638.0
495.0
876.0
2520.0
363.0
1110.0
303.0
1467.0
1656.0
369.0
264.0
2322.0
1065.0
360.0
537.0
180.0
501.0
540.0
318.0
399.0
186.0
690.0
2721.0
2751.0
762.0
1383.0
702.0
624.0
945.0
858.0
1026.0
2631.0
1758.0
924.0
201.0
519.0
1938.0
840.0
1953.0
1848.0
759.0
1236.0
1227.0
2682.0
981.0
930.0
1347.0
891.0
1536.0
930.0
597.0
1614.0
975.0
1407.0
1131.0
1896.0
1641.0
330.0
2430.0
102.0
1509.0
900.0
504.0
489.0
435.0
765.0
741.0
207.0
321.0
1044.0
255.0
423.0
1338.0
270.0
861.0
561.0
159.0
171.0
231.0
192.0
741.0
531.0
1995.0
360.0
552.0
1947.0
768.0
1206.0
543.0
990.0
549.0
429.0
1515.0
504.0
888.0
945.0
525.0
966.0
777.0
891.0
486.0
1650.0
294.0
2388.0
3285.0
1089.0
945.0
1665.0
516.0
1137.0
705.0
1008.0
2079.0
630.0
1113.0
1902.0
642.0
1032.0
582.0
2583.0
1539.0
1665.0
531.0
825.0
906.0
579.0
786.0
678.0
975.0
1878.0
609.0
1992.0
222.0
2523.0
1941.0
1020.0
1239.0
786.0
912.0
1122.0
2103.0
1416.0
972.0
1173.0
1773.0
1632.0
1677.0
1449.0
1002.0
831.0
1266.0
873.0
1536.0
1224.0
375.0
1035.0
621.0
1047.0
1896.0
2874.0
711.0
585.0
384.0
990.0
621.0
390.0
1350.0
573.0
510.0
948.0
357.0
1332.0
1041.0
294.0
720.0
1194.0
2649.0
1710.0
2691.0
504.0
462.0
951.0
1671.0
2019.0
516.0
300.0
1200.0
615.0
471.0
765.0
570.0
1062.0
453.0
495.0
987.0
1530.0
915.0
2337.0
87.0
1899.0
255.0
408.0
375.0
708.0
843.0
516.0
516.0
1083.0
1383.0
960.0
783.0
1044.0
135.0
414.0
1458.0
291.0
420.0
180.0
204.0
2484.0
819.0
465.0
711.0
765.0
237.0
351.0
1428.0
840.0
1587.0
1302.0
942.0
474.0
975.0
1290.0
945.0
573.0
1098.0
2985.0
231.0
348.0
684.0
957.0
759.0
1197.0
1662.0
795.0
825.0
390.0
1281.0
558.0
726.0
852.0
1332.0
3204.0
696.0
177.0
447.0
1347.0
798.0
396.0
570.0
345.0
519.0
558.0
300.0
942.0
642.0
237.0
1200.0
1005.0
954.0
3204.0
735.0
930.0
1245.0
702.0
450.0
228.0
1128.0
1407.0
189.0
471.0
303.0
369.0
123.0
108.0
1311.0
1587.0
1992.0
1422.0
1371.0
645.0
597.0
1047.0
1122.0
1005.0
855.0
597.0
864.0
954.0
840.0
477.0
639.0
573.0
669.0
1230.0
1626.0
657.0
1857.0
357.0
3597.0
1494.0
936.0
339.0
522.0
444.0
597.0
825.0
1296.0
264.0
573.0
966.0
1353.0
774.0
1974.0
840.0
1722.0
138.0
108.0
369.0
567.0
1536.0
1488.0
2094.0
897.0
873.0
1722.0
270.0
1020.0
381.0
3525.0
2526.0
1101.0
951.0
1185.0
828.0
1584.0
1143.0
1077.0
390.0
2241.0
2025.0
552.0
387.0
1215.0
1200.0
1005.0
423.0
360.0
627.0
930.0
1260.0
1020.0
1281.0
582.0
1323.0
603.0
894.0
993.0
864.0
4224.0
330.0
1098.0
774.0
465.0
771.0
1158.0
630.0
3477.0
1353.0
2259.0
1659.0
1164.0
1671.0
1800.0
624.0
1803.0
1416.0
393.0
438.0
363.0
945.0
396.0
384.0
1878.0
606.0
1065.0
819.0
1218.0
2583.0
237.0
966.0
357.0
1029.0
957.0
513.0
2823.0
936.0
957.0
405.0
477.0
1146.0
480.0
660.0
1560.0
891.0
1899.0
117.0
597.0
696.0
1584.0
1224.0
1326.0
552.0
540.0
417.0
1143.0
2850.0
1752.0
348.0
744.0
1269.0
393.0
390.0
429.0
1353.0
150.0
1287.0
2598.0
990.0
1194.0
1899.0
2106.0
771.0
1767.0
1017.0
249.0
945.0
390.0
561.0
552.0
690.0
624.0
207.0
282.0
702.0
1752.0
1128.0
663.0
1134.0
552.0
321.0
726.0
591.0
477.0
474.0
582.0
927.0
555.0
978.0
291.0
1362.0
2874.0
1737.0
1521.0
492.0
744.0
315.0
489.0
768.0
786.0
1008.0
186.0
1101.0
1518.0
1098.0
981.0
1179.0
660.0
1080.0
1164.0
1992.0
1155.0
417.0
249.0
693.0
930.0
879.0
1920.0
1350.0
1047.0
1338.0
978.0
549.0
183.0
969.0
636.0
2160.0
219.0
2619.0
960.0
495.0
537.0
201.0
1035.0
1365.0
882.0
1353.0
420.0
2625.0
1209.0
660.0
1314.0
609.0
1605.0
1263.0
1707.0
651.0
1230.0
3198.0
1203.0
603.0
312.0
711.0
444.0
1467.0
825.0
426.0
468.0
663.0
966.0
1659.0
1119.0
354.0
1389.0
543.0
96.0
480.0
1167.0
1917.0
1383.0
2406.0
2001.0
669.0
558.0
498.0
690.0
729.0
1137.0
408.0
897.0
789.0
1635.0
699.0
834.0
774.0
1506.0
1287.0
270.0
2622.0
2667.0
831.0
1083.0
1071.0
798.0
441.0
909.0
1020.0
1152.0
312.0
1278.0
1266.0
921.0
765.0
495.0
537.0
1158.0
912.0
1356.0
1203.0
1215.0
1413.0
1440.0
972.0
2316.0
843.0
825.0
654.0
672.0
960.0
1299.0
1149.0
3483.0
975.0
1848.0
1719.0
1383.0
480.0
957.0
822.0
363.0
2196.0
2106.0
2583.0
591.0
633.0
2580.0
1668.0
1176.0
474.0
1293.0
1209.0
2802.0
1641.0
531.0
1578.0
1749.0
957.0
1491.0
4899.0
1986.0
7539.0
1479.0
1467.0
1131.0
264.0
1818.0
2439.0
1263.0
1305.0
426.0
1146.0
1341.0
822.0
303.0
333.0
279.0
411.0
702.0
255.0
192.0
1665.0
2805.0
1980.0
1485.0
657.0
288.0
1197.0
1230.0
951.0
873.0
879.0
1020.0
516.0
300.0
315.0
651.0
1776.0
1236.0
1110.0
1470.0
1356.0
1023.0
462.0
2166.0
303.0
456.0
576.0
555.0
771.0
609.0
885.0
1437.0
738.0
351.0
882.0
1497.0
2076.0
1107.0
972.0
873.0
945.0
1647.0
294.0
240.0
1776.0
336.0
648.0
93.0
693.0
348.0
933.0
1128.0
183.0
1047.0
972.0
921.0
297.0
246.0
1056.0
924.0
744.0
285.0
1419.0
1086.0
306.0
282.0
1776.0
786.0
1194.0
2541.0
1254.0
1329.0
2832.0
489.0
972.0
471.0
1353.0
150.0
1137.0
2883.0
2760.0
1407.0
360.0
1170.0
684.0
1263.0
1146.0
1002.0
1641.0
978.0
1731.0
978.0
237.0
462.0
519.0
315.0
405.0
231.0
1005.0
429.0
942.0
624.0
2685.0
396.0
852.0
819.0
765.0
1692.0
1056.0
846.0
5049.0
4386.0
1353.0
3015.0
1476.0
1068.0
1083.0
1359.0
1245.0
1317.0
366.0
942.0
1488.0
1767.0
318.0
198.0
1458.0
1110.0
498.0
1857.0
1005.0
918.0
1002.0
696.0
549.0
1212.0
1734.0
1773.0
972.0
201.0
159.0
915.0
2010.0
1608.0
489.0
792.0
384.0
768.0
846.0
657.0
3414.0
381.0
681.0
774.0
381.0
585.0
3306.0
807.0
3057.0
204.0
216.0
624.0
948.0
249.0
2067.0
2418.0
1419.0
138.0
1626.0
1053.0
1023.0
1101.0
903.0
297.0
846.0
720.0
1185.0
1179.0
1593.0
498.0
357.0
1098.0
837.0
3030.0
1500.0
879.0
2415.0
1776.0
1716.0
705.0
714.0
1299.0
1044.0
441.0
696.0
1461.0
1116.0
1743.0
450.0
195.0
240.0
930.0
624.0
1182.0
708.0
1590.0
432.0
1524.0
1719.0
975.0
1482.0
342.0
1473.0
780.0
285.0
498.0
399.0
186.0
255.0
657.0
342.0
201.0
435.0
369.0
264.0
540.0
312.0
3162.0
630.0
606.0
822.0
411.0
540.0
534.0
504.0
180.0
435.0
1332.0
1767.0
990.0
813.0
1251.0
1230.0
642.0
1041.0
1899.0
987.0
1146.0
771.0
1191.0
1176.0
753.0
987.0
2841.0
2430.0
834.0
2142.0
93.0
1857.0
1203.0
723.0
894.0
690.0
453.0
240.0
513.0
252.0
1137.0
1080.0
1278.0
180.0
825.0
798.0
879.0
621.0
438.0
336.0
627.0
876.0
1869.0
882.0
2406.0
861.0
738.0
150.0
438.0
540.0
381.0
2862.0
993.0
264.0
2394.0
186.0
510.0
855.0
222.0
309.0
4242.0
4089.0
366.0
537.0
798.0
1740.0
1173.0
1716.0
1092.0
1251.0
2364.0
1050.0
660.0
1398.0
312.0
996.0
975.0
306.0
315.0
195.0
357.0
2865.0
432.0
336.0
612.0
1839.0
132.0
570.0
1863.0
429.0
834.0
1305.0
960.0
849.0
1848.0
165.0
1503.0
453.0
402.0
2679.0
1368.0
1935.0
540.0
654.0
1737.0
759.0
1509.0
1224.0
465.0
1542.0
750.0
1176.0
105.0
825.0
1572.0
264.0
375.0
1119.0
1119.0
1683.0
903.0
282.0
345.0
654.0
414.0
627.0
624.0
297.0
834.0
1386.0
261.0
369.0
1047.0
324.0
1026.0
1677.0
285.0
1929.0
897.0
471.0
1296.0
822.0
1521.0
1359.0
942.0
594.0
783.0
393.0
429.0
1347.0
1266.0
981.0
573.0
528.0
2568.0
351.0
579.0
708.0
732.0
1905.0
867.0
1122.0
675.0
1392.0
1503.0
471.0
2079.0
1011.0
1170.0
1542.0
1176.0
903.0
429.0
654.0
333.0
276.0
327.0
369.0
267.0
1035.0
1185.0
420.0
846.0
465.0
2853.0
1227.0
2835.0
822.0
1941.0
1326.0
561.0
1140.0
471.0
945.0
630.0
711.0
870.0
903.0
1623.0
2652.0
891.0
1110.0
489.0
792.0
738.0
1212.0
1662.0
1320.0
1023.0
207.0
759.0
798.0
1644.0
4620.0
594.0
309.0
1623.0
2421.0
294.0
447.0
714.0
1518.0
594.0
198.0
354.0
3636.0
447.0
291.0
486.0
816.0
543.0
1806.0
534.0
675.0
1500.0
657.0
2265.0
894.0
711.0
1659.0
1701.0
1281.0
345.0
825.0
795.0
1599.0
1584.0
663.0
480.0
321.0
834.0
2715.0
1446.0
2355.0
606.0
645.0
1929.0
1041.0
963.0
1026.0
2496.0
420.0
471.0
1857.0
345.0
1542.0
309.0
531.0
1413.0
4302.0
291.0
378.0
3810.0
2367.0
900.0
1521.0
834.0
732.0
1068.0
753.0
2940.0
1239.0
909.0
1308.0
2106.0
876.0
645.0
1032.0
879.0
624.0
1266.0
1521.0
1023.0
1413.0
1737.0
564.0
2754.0
750.0
1953.0
693.0
1455.0
1257.0
333.0
627.0
3348.0
939.0
1968.0
963.0
1212.0
2022.0
1020.0
699.0
1122.0
1191.0
639.0
1347.0
924.0
780.0
1254.0
876.0
750.0
1242.0
1590.0
657.0
996.0
135.0
564.0
357.0
273.0
516.0
597.0
525.0
1212.0
1464.0
252.0
306.0
270.0
294.0
210.0
213.0
333.0
195.0
549.0
201.0
1176.0
963.0
1485.0
738.0
1140.0
726.0
783.0
1134.0
1077.0
324.0
1461.0
1575.0
729.0
2286.0
1131.0
303.0
153.0
1269.0
915.0
1215.0
405.0
285.0
2637.0
813.0
906.0
1092.0
780.0
1401.0
1404.0
462.0
387.0
837.0
993.0
663.0
615.0
648.0
762.0
1374.0
993.0
591.0
789.0
2598.0
975.0
1014.0
183.0
702.0
1197.0
414.0
408.0
690.0
921.0
570.0
807.0
891.0
363.0
258.0
132.0
168.0
429.0
705.0
576.0
921.0
1410.0
1476.0
1152.0
1263.0
2391.0
1425.0
603.0
726.0
852.0
618.0
309.0
798.0
96.0
99.0
1200.0
192.0
495.0
237.0
1320.0
756.0
1056.0
1341.0
2142.0
429.0
165.0
933.0
360.0
165.0
123.0
261.0
639.0
744.0
1437.0
1230.0
888.0
1167.0
225.0
462.0
2832.0
708.0
840.0
1431.0
459.0
1575.0
1221.0
333.0
1632.0
315.0
819.0
465.0
672.0
1350.0
2067.0
1320.0
2421.0
1065.0
4224.0
4029.0
366.0
1029.0
2415.0
966.0
1932.0
1233.0
1224.0
1002.0
789.0
2295.0
1065.0
894.0
345.0
576.0
1107.0
1056.0
1437.0
714.0
2448.0
1260.0
1137.0
1098.0
858.0
1941.0
576.0
834.0
297.0
1572.0
1317.0
375.0
222.0
771.0
543.0
1044.0
606.0
1875.0
1347.0
456.0
444.0
951.0
165.0
309.0
531.0
1614.0
435.0
249.0
918.0
1197.0
711.0
807.0
795.0
1017.0
351.0
1293.0
351.0
990.0
2004.0
1230.0
1206.0
498.0
1938.0
1131.0
930.0
306.0
1587.0
765.0
948.0
765.0
534.0
738.0
456.0
1515.0
2175.0
528.0
276.0
927.0
3417.0
633.0
882.0
651.0
2094.0
270.0
1047.0
1560.0
651.0
1434.0
2907.0
1407.0
651.0
1080.0
1047.0
1110.0
1443.0
750.0
933.0
888.0
501.0
1122.0
285.0
924.0
222.0
438.0
1548.0
687.0
1029.0
1017.0
1464.0
1197.0
1455.0
999.0
1077.0
2076.0
1479.0
1641.0
753.0
846.0
1044.0
471.0
1350.0
546.0
429.0
1071.0
492.0
1053.0
1272.0
651.0
1647.0
900.0
1086.0
720.0
1137.0
945.0
1062.0
1314.0
876.0
534.0
1440.0
1467.0
303.0
975.0
792.0
1158.0
1827.0
2520.0
945.0
276.0
1416.0
855.0
447.0
282.0
1623.0
555.0
813.0
648.0
258.0
3384.0
3648.0
552.0
1260.0
939.0
984.0
1188.0
1038.0
417.0
396.0
912.0
369.0
747.0
432.0
534.0
1644.0
2421.0
1524.0
582.0
690.0
333.0
795.0
579.0
366.0
939.0
1305.0
639.0
306.0
537.0
627.0
414.0
627.0
834.0
1791.0
552.0
114.0
219.0
411.0
399.0
363.0
1002.0
2622.0
1116.0
495.0
441.0
621.0
711.0
231.0
93.0
3837.0
972.0
297.0
138.0
207.0
873.0
345.0
363.0
237.0
462.0
483.0
993.0
633.0
924.0
252.0
186.0
282.0
615.0
576.0
801.0
537.0
102.0
1686.0
1170.0
636.0
936.0
1053.0
531.0
750.0
903.0
528.0
1404.0
3168.0
1731.0
663.0
456.0
861.0
2049.0
3441.0
891.0
621.0
465.0
3114.0
2316.0
1164.0
2280.0
1935.0
1509.0
822.0
711.0
1599.0
1518.0
981.0
2355.0
366.0
822.0
480.0
495.0
1170.0
942.0
1437.0
1767.0
1488.0
1128.0
939.0
879.0
1410.0
210.0
1275.0
1416.0
1107.0
1842.0
987.0
570.0
510.0
315.0
1260.0
516.0
261.0
840.0
975.0
663.0
780.0
1590.0
981.0
1665.0
1350.0
1089.0
921.0
759.0
939.0
483.0
558.0
1020.0
1227.0
552.0
789.0
960.0
219.0
1050.0
1584.0
609.0
3555.0
309.0
1296.0
1134.0
132.0
531.0
1425.0
270.0
471.0
888.0
1002.0
390.0
864.0
231.0
1176.0
288.0
531.0
657.0
894.0
639.0
108.0
561.0
537.0
843.0
510.0
975.0
1149.0
165.0
933.0
735.0
1359.0
201.0
561.0
849.0
1053.0
1461.0
918.0
2196.0
1257.0
246.0
753.0
1650.0
1341.0
567.0
2070.0
1035.0
549.0
816.0
2106.0
492.0
720.0
1809.0
2136.0
858.0
1638.0
333.0
1296.0
1092.0
1011.0
114.0
357.0
390.0
621.0
501.0
186.0
432.0
1326.0
972.0
438.0
1389.0
1113.0
834.0
2833.0
612.0
408.0
933.0
1872.0
909.0
1326.0
1158.0
1158.0
1086.0
1422.0
1290.0
843.0
1308.0
1914.0
1116.0
1740.0
1233.0
1464.0
981.0
711.0
345.0
1032.0
1560.0
564.0
975.0
585.0
192.0
756.0
450.0
753.0
465.0
3513.0
318.0
1254.0
1404.0
480.0
339.0
840.0
630.0
1110.0
546.0
1893.0
1461.0
126.0
399.0
252.0
1074.0
546.0
147.0
708.0
1236.0
498.0
1359.0
642.0
657.0
441.0
1275.0
774.0
1215.0
804.0
231.0
1356.0
1719.0
975.0
576.0
381.0
906.0
1254.0
552.0
309.0
591.0
642.0
2319.0
630.0
684.0
594.0
624.0
525.0
1098.0
1878.0
1089.0
2838.0
1152.0
2913.0
1368.0
990.0
99.0
876.0
1272.0
1299.0
282.0
945.0
948.0
2055.0
537.0
2421.0
1104.0
1545.0
999.0
426.0
408.0
540.0
558.0
507.0
2004.0
936.0
1674.0
1143.0
1158.0
369.0
825.0
846.0
315.0
1695.0
252.0
198.0
438.0
1341.0
1233.0
825.0
957.0
1614.0
1047.0
2463.0
1554.0
381.0
1206.0
882.0
357.0
1101.0
741.0
1827.0
1137.0
792.0
975.0
783.0
1467.0
1440.0
573.0
1329.0
1377.0
2157.0
1122.0
1386.0
690.0
594.0
351.0
1431.0
912.0
1431.0
1077.0
483.0
2007.0
2220.0
1458.0
291.0
816.0
879.0
600.0
504.0
417.0
441.0
528.0
534.0
231.0
390.0
264.0
1164.0
138.0
999.0
765.0
714.0
945.0
858.0
555.0
1065.0
675.0
1299.0
1389.0
1392.0
969.0
1338.0
996.0
2739.0
282.0
369.0
1431.0
897.0
1032.0
273.0
1320.0
1758.0
1107.0
1647.0
309.0
819.0
675.0
1497.0
1290.0
1299.0
660.0
1011.0
1140.0
1017.0
1497.0
270.0
1884.0
1620.0
279.0
1944.0
624.0
1560.0
2010.0
528.0
1557.0
462.0
495.0
2580.0
639.0
1032.0
1857.0
471.0
1266.0
1401.0
588.0
1884.0
1356.0
1806.0
804.0
1611.0
369.0
438.0
399.0
810.0
315.0
390.0
945.0
1752.0
1371.0
606.0
942.0
693.0
258.0
336.0
768.0
831.0
2052.0
972.0
1203.0
948.0
1080.0
1251.0
930.0
885.0
1164.0
1731.0
1488.0
1755.0
2637.0
471.0
795.0
1365.0
1338.0
1191.0
1020.0
1419.0
669.0
1311.0
1866.0
279.0
3138.0
546.0
384.0
498.0
429.0
4029.0
366.0
1065.0
4224.0
951.0
1029.0
1941.0
1377.0
2136.0
405.0
2019.0
1890.0
567.0
1470.0
1287.0
1005.0
1353.0
627.0
1293.0
1992.0
912.0
1650.0
237.0
339.0
507.0
936.0
1026.0
312.0
2406.0
2319.0
780.0
267.0
1164.0
1164.0
435.0
471.0
807.0
1914.0
405.0
531.0
1338.0
852.0
1920.0
624.0
783.0
411.0
603.0
885.0
1476.0
2070.0
1056.0
669.0
1107.0
855.0
471.0
375.0
312.0
2115.0
390.0
957.0
387.0
1836.0
243.0
312.0
1881.0
114.0
303.0
696.0
99.0
1233.0
804.0
537.0
483.0
1518.0
282.0
1188.0
222.0
558.0
579.0
1764.0
993.0
885.0
1221.0
2043.0
1245.0
636.0
1374.0
1056.0
414.0
1062.0
582.0
1077.0
708.0
999.0
693.0
297.0
642.0
888.0
501.0
393.0
1116.0
1119.0
264.0
987.0
828.0
1818.0
540.0
789.0
345.0
1512.0
1377.0
1560.0
954.0
921.0
1635.0
576.0
981.0
1488.0
1290.0
489.0
1017.0
813.0
1107.0
1584.0
2265.0
4821.0
1491.0
1473.0
1065.0
489.0
657.0
2040.0
1254.0
486.0
1311.0
2331.0
321.0
546.0
462.0
537.0
930.0
294.0
969.0
873.0
2424.0
609.0
1416.0
1731.0
1266.0
1728.0
1104.0
792.0
765.0
1986.0
957.0
1749.0
1368.0
747.0
663.0
573.0
1968.0
2421.0
957.0
873.0
582.0
1563.0
393.0
2103.0
990.0
2004.0
582.0
1404.0
1737.0
1341.0
1245.0
1308.0
1488.0
768.0
1383.0
1731.0
696.0
1413.0
1986.0
1917.0
1263.0
684.0
1242.0
804.0
696.0
1011.0
2658.0
807.0
1674.0
1266.0
1749.0
432.0
699.0
381.0
1935.0
4107.0
4239.0
498.0
375.0
1245.0
180.0
429.0
795.0
765.0
960.0
774.0
1185.0
2115.0
138.0
912.0
135.0
1152.0
3696.0
1182.0
1173.0
1587.0
210.0
975.0
606.0
1833.0
3126.0
906.0
1428.0
525.0
2175.0
786.0
870.0
786.0
816.0
1389.0
423.0
450.0
825.0
279.0
624.0
300.0
318.0
633.0
474.0
2115.0
255.0
240.0
1002.0
108.0
2034.0
1269.0
153.0
1131.0
2286.0
729.0
2637.0
285.0
669.0
1407.0
711.0
900.0
1188.0
1137.0
1650.0
2028.0
534.0
186.0
522.0
357.0
720.0
369.0
390.0
1368.0
408.0
1473.0
1299.0
1266.0
933.0
489.0
423.0
1407.0
795.0
918.0
2040.0
324.0
1368.0
882.0
771.0
1278.0
1254.0
4086.0
1767.0
2280.0
1269.0
1140.0
1569.0
834.0
1722.0
219.0
855.0
516.0
2163.0
2715.0
1074.0
867.0
387.0
4137.0
378.0
480.0
426.0
534.0
180.0
159.0
309.0
420.0
675.0
1293.0
972.0
939.0
1062.0
1998.0
1854.0
1065.0
1026.0
1995.0
987.0
306.0
720.0
2025.0
390.0
1302.0
390.0
1398.0
450.0
642.0
1926.0
816.0
447.0
747.0
669.0
444.0
903.0
1839.0
1647.0
426.0
657.0
942.0
744.0
1749.0
582.0
1845.0
1041.0
1542.0
936.0
1614.0
795.0
1857.0
1632.0
750.0
1635.0
693.0
1080.0
2424.0
672.0
2604.0
1635.0
894.0
705.0
1308.0
381.0
1281.0
753.0
582.0
2379.0
1104.0
1092.0
1440.0
660.0
648.0
1641.0
114.0
4851.0
543.0
1284.0
909.0
873.0
684.0
1251.0
1050.0
1635.0
1233.0
345.0
1935.0
1266.0
480.0
813.0
1647.0
2316.0
2805.0
1101.0
966.0
2439.0
1626.0
801.0
423.0
663.0
267.0
462.0
612.0
1197.0
1260.0
1008.0
1443.0
348.0
1245.0
1647.0
2985.0
1437.0
753.0
978.0
816.0
1095.0
738.0
846.0
1308.0
1200.0
948.0
1152.0
312.0
1044.0
960.0
219.0
1128.0
357.0
465.0
1380.0
333.0
126.0
2793.0
522.0
264.0
369.0
435.0
210.0
186.0
399.0
318.0
540.0
354.0
654.0
918.0
1461.0
978.0
1215.0
1809.0
654.0
1341.0
1650.0
753.0
246.0
525.0
579.0
528.0
2217.0
2769.0
1275.0
1548.0
1071.0
1533.0
1140.0
2430.0
660.0
333.0
357.0
726.0
858.0
1359.0
195.0
1098.0
318.0
624.0
837.0
552.0
7419.0
1260.0
408.0
2049.0
1308.0
1203.0
807.0
1641.0
921.0
1203.0
1512.0
375.0
1704.0
366.0
2649.0
696.0
987.0
1440.0
891.0
1359.0
360.0
1647.0
723.0
273.0
471.0
921.0
1215.0
1713.0
534.0
831.0
1083.0
1161.0
1023.0
969.0
1254.0
939.0
1539.0
618.0
849.0
2058.0
1542.0
348.0
435.0
180.0
1392.0
354.0
534.0
393.0
759.0
540.0
315.0
372.0
1257.0
1152.0
522.0
2304.0
330.0
1134.0
297.0
582.0
495.0
459.0
621.0
186.0
444.0
888.0
2514.0
1011.0
627.0
1299.0
2706.0
2373.0
1272.0
1980.0
132.0
1194.0
675.0
2346.0
873.0
519.0
807.0
2655.0
198.0
237.0
1584.0
1791.0
4245.0
1698.0
1692.0
765.0
1056.0
819.0
852.0
99.0
951.0
1209.0
996.0
1365.0
438.0
351.0
771.0
1422.0
1830.0
936.0
1980.0
1113.0
918.0
1383.0
804.0
777.0
1029.0
1032.0
552.0
378.0
537.0
192.0
813.0
630.0
1542.0
2649.0
987.0
909.0
447.0
1863.0
867.0
996.0
1230.0
585.0
1932.0
867.0
2607.0
732.0
4533.0
2781.0
330.0
780.0
1311.0
675.0
279.0
1038.0
1860.0
339.0
1059.0
1629.0
1275.0
1128.0
756.0
924.0
2244.0
888.0
2619.0
969.0
843.0
2091.0
891.0
1137.0
924.0
1182.0
861.0
987.0
957.0
765.0
1761.0
936.0
561.0
309.0
540.0
396.0
531.0
366.0
519.0
183.0
435.0
1734.0
1818.0
978.0
624.0
834.0
627.0
648.0
1836.0
1191.0
3270.0
1551.0
855.0
1200.0
828.0
624.0
966.0
1173.0
984.0
624.0
966.0
951.0
633.0
825.0
246.0
2199.0
750.0
1401.0
558.0
267.0
933.0
318.0
2079.0
1050.0
372.0
474.0
1215.0
1119.0
825.0
804.0
936.0
693.0
1107.0
975.0
1662.0
1140.0
1650.0
1290.0
1287.0
1092.0
474.0
1542.0
456.0
369.0
1401.0
921.0
225.0
102.0
306.0
894.0
774.0
216.0
1902.0
1446.0
1317.0
1233.0
1197.0
891.0
549.0
558.0
594.0
198.0
459.0
264.0
1455.0
885.0
1530.0
516.0
321.0
339.0
1863.0
270.0
663.0
1071.0
489.0
774.0
1278.0
837.0
630.0
1695.0
633.0
825.0
1068.0
1929.0
1314.0
198.0
543.0
900.0
1257.0
996.0
855.0
936.0
1446.0
1335.0
3198.0
891.0
2001.0
1629.0
639.0
1767.0
984.0
1311.0
2835.0
1101.0
240.0
348.0
1872.0
288.0
1188.0
1491.0
1035.0
717.0
561.0
612.0
1059.0
1803.0
924.0
471.0
114.0
1065.0
600.0
579.0
966.0
597.0
861.0
666.0
1005.0
381.0
267.0
567.0
1698.0
1719.0
1293.0
978.0
1095.0
1407.0
1848.0
1353.0
1242.0
2244.0
1002.0
1236.0
1476.0
1740.0
603.0
861.0
639.0
528.0
1221.0
927.0
570.0
627.0
1467.0
633.0
1602.0
1005.0
870.0
213.0
1225.0
1023.0
591.0
228.0
1116.0
897.0
1044.0
210.0
714.0
747.0
1284.0
1344.0
1905.0
1395.0
2664.0
978.0
1074.0
558.0
1653.0
1212.0
1326.0
1344.0
951.0
1083.0
243.0
330.0
558.0
771.0
843.0
1209.0
645.0
2412.0
510.0
1056.0
1251.0
612.0
942.0
1236.0
1377.0
618.0
1263.0
681.0
1200.0
1914.0
1914.0
5202.0
909.0
1884.0
3285.0
3285.0
1569.0
870.0
1428.0
720.0
1881.0
1692.0
1353.0
1149.0
342.0
1335.0
1296.0
1392.0
1920.0
903.0
891.0
453.0
1458.0
1305.0
1197.0
1011.0
1737.0
786.0
1389.0
2472.0
1044.0
612.0
741.0
246.0
1272.0
2571.0
513.0
1284.0
1377.0
1941.0
906.0
306.0
1968.0
2508.0
699.0
1278.0
960.0
3348.0
219.0
900.0
1014.0
870.0
1467.0
537.0
1332.0
279.0
1986.0
1848.0
327.0
411.0
1392.0
747.0
1122.0
1980.0
561.0
630.0
1128.0
990.0
2934.0
882.0
456.0
1083.0
567.0
2148.0
492.0
888.0
237.0
819.0
195.0
1380.0
1878.0
840.0
1167.0
1278.0
303.0
393.0
258.0
108.0
1050.0
942.0
525.0
1272.0
1233.0
1062.0
1539.0
1050.0
2406.0
693.0
927.0
1950.0
1305.0
1506.0
765.0
1230.0
978.0
921.0
219.0
624.0
336.0
300.0
363.0
588.0
213.0
585.0
327.0
1269.0
723.0
1149.0
789.0
1236.0
993.0
810.0
201.0
441.0
513.0
456.0
2433.0
858.0
762.0
306.0
396.0
441.0
1359.0
357.0
387.0
534.0
945.0
498.0
177.0
288.0
1158.0
471.0
336.0
312.0
2256.0
225.0
258.0
918.0
2862.0
324.0
2040.0
1185.0
315.0
1164.0
588.0
204.0
1260.0
888.0
273.0
636.0
654.0
378.0
510.0
1374.0
393.0
957.0
2889.0
1359.0
1167.0
1470.0
1551.0
888.0
879.0
969.0
870.0
939.0
672.0
795.0
681.0
468.0
180.0
1215.0
258.0
951.0
816.0
852.0
1539.0
93.0
969.0
2850.0
261.0
1578.0
1827.0
852.0
372.0
330.0
798.0
1419.0
111.0
474.0
330.0
375.0
621.0
417.0
2202.0
1464.0
96.0
141.0
402.0
1245.0
684.0
228.0
1050.0
333.0
1089.0
660.0
900.0
273.0
471.0
582.0
1332.0
1344.0
1071.0
474.0
495.0
261.0
1101.0
1206.0
1626.0
1863.0
993.0
756.0
360.0
984.0
732.0
1344.0
348.0
636.0
369.0
327.0
603.0
258.0
426.0
555.0
543.0
186.0
1356.0
1092.0
912.0
792.0
354.0
2151.0
1485.0
975.0
1323.0
1149.0
384.0
1857.0
735.0
1134.0
681.0
960.0
1269.0
1449.0
2127.0
915.0
348.0
2571.0
708.0
1011.0
249.0
426.0
771.0
1602.0
519.0
1233.0
1056.0
327.0
1410.0
468.0
237.0
1047.0
717.0
714.0
1836.0
1893.0
267.0
303.0
354.0
432.0
1032.0
420.0
477.0
1830.0
1404.0
1365.0
624.0
717.0
747.0
1284.0
558.0
819.0
552.0
537.0
471.0
2022.0
912.0
741.0
873.0
1470.0
930.0
135.0
1026.0
1617.0
285.0
1677.0
4875.0
663.0
603.0
645.0
1281.0
1962.0
1122.0
852.0
726.0
558.0
1197.0
390.0
825.0
795.0
726.0
759.0
858.0
264.0
453.0
1035.0
870.0
609.0
456.0
2481.0
1113.0
3255.0
663.0
813.0
1146.0
726.0
447.0
897.0
780.0
696.0
1296.0
480.0
1278.0
1020.0
936.0
171.0
240.0
1398.0
972.0
1662.0
1284.0
1203.0
903.0
321.0
1776.0
357.0
762.0
2691.0
1038.0
840.0
645.0
627.0
246.0
261.0
1269.0
573.0
294.0
237.0
324.0
696.0
708.0
441.0
963.0
822.0
1410.0
1503.0
939.0
1212.0
1173.0
1257.0
1356.0
333.0
888.0
1674.0
2817.0
1233.0
1197.0
531.0
360.0
1191.0
858.0
1959.0
3282.0
1461.0
1491.0
978.0
495.0
594.0
663.0
948.0
894.0
2220.0
390.0
396.0
1221.0
1419.0
1758.0
771.0
1188.0
1320.0
861.0
573.0
2265.0
1023.0
1083.0
759.0
984.0
1644.0
597.0
675.0
1764.0
525.0
777.0
831.0
471.0
1020.0
894.0
2001.0
960.0
2577.0
519.0
1410.0
942.0
1485.0
1362.0
1485.0
1347.0
1878.0
435.0
141.0
1791.0
1506.0
591.0
306.0
378.0
1458.0
435.0
504.0
1623.0
972.0
1419.0
327.0
954.0
1266.0
1422.0
990.0
102.0
186.0
1032.0
132.0
2460.0
108.0
111.0
120.0
837.0
576.0
300.0
567.0
603.0
276.0
282.0
1185.0
2298.0
1194.0
639.0
585.0
1185.0
693.0
813.0
471.0
1875.0
474.0
867.0
1998.0
537.0
684.0
1107.0
762.0
855.0
372.0
750.0
747.0
927.0
336.0
1320.0
885.0
1314.0
1188.0
1245.0
282.0
1017.0
456.0
1098.0
1224.0
1080.0
1566.0
543.0
417.0
615.0
816.0
336.0
687.0
1575.0
1149.0
300.0
1491.0
156.0
1035.0
1134.0
504.0
687.0
771.0
1068.0
801.0
483.0
249.0
453.0
1896.0
309.0
1416.0
1695.0
1023.0
2130.0
1563.0
1296.0
1164.0
645.0
1371.0
933.0
831.0
678.0
1749.0
780.0
753.0
324.0
720.0
1308.0
1044.0
2175.0
699.0
1014.0
432.0
639.0
783.0
1671.0
4071.0
4191.0
519.0
384.0
1125.0
621.0
1197.0
861.0
1137.0
258.0
441.0
2385.0
1629.0
1329.0
951.0
3522.0
1023.0
2085.0
324.0
285.0
330.0
2619.0
747.0
201.0
1428.0
468.0
831.0
681.0
357.0
696.0
822.0
2874.0
174.0
1578.0
3174.0
771.0
2316.0
2910.0
1104.0
975.0
558.0
2625.0
687.0
2238.0
300.0
786.0
753.0
1611.0
249.0
711.0
957.0
2856.0
1101.0
228.0
327.0
981.0
540.0
1083.0
606.0
2565.0
675.0
438.0
405.0
618.0
993.0
327.0
639.0
1023.0
762.0
192.0
951.0
435.0
582.0
552.0
792.0
219.0
387.0
1179.0
660.0
1041.0
117.0
1950.0
2460.0
1206.0
930.0
1473.0
1716.0
636.0
2703.0
804.0
1221.0
1155.0
177.0
1110.0
855.0
3669.0
1815.0
1350.0
1008.0
1746.0
1770.0
1884.0
1482.0
999.0
1497.0
1935.0
1365.0
1152.0
774.0
948.0
1107.0
564.0
867.0
147.0
1080.0
1722.0
1137.0
219.0
1791.0
1272.0
981.0
1329.0
564.0
1119.0
2715.0
2655.0
2649.0
1239.0
495.0
342.0
1188.0
102.0
366.0
390.0
156.0
477.0
882.0
795.0
447.0
888.0
528.0
1176.0
489.0
2631.0
1419.0
1194.0
552.0
1200.0
1119.0
2853.0
1074.0
1788.0
1356.0
993.0
1098.0
1395.0
1290.0
1116.0
1860.0
522.0
387.0
1215.0
1863.0
1068.0
1386.0
1212.0
234.0
357.0
861.0
753.0
273.0
987.0
264.0
354.0
114.0
390.0
1293.0
1293.0
414.0
1233.0
2835.0
1233.0
795.0
1059.0
768.0
1449.0
426.0
429.0
1068.0
489.0
1104.0
957.0
957.0
2076.0
741.0
954.0
753.0
1758.0
990.0
990.0
1341.0
1263.0
735.0
1020.0
747.0
2658.0
435.0
1149.0
843.0
651.0
975.0
1020.0
3984.0
2103.0
471.0
2421.0
2289.0
477.0
618.0
222.0
666.0
381.0
360.0
534.0
393.0
450.0
441.0
2826.0
354.0
519.0
102.0
1293.0
597.0
1059.0
462.0
324.0
318.0
831.0
753.0
876.0
102.0
1038.0
1554.0
684.0
1194.0
984.0
927.0
2805.0
1650.0
1206.0
1776.0
312.0
1737.0
1692.0
915.0
1860.0
381.0
1020.0
2586.0
582.0
666.0
1188.0
1059.0
312.0
945.0
1167.0
972.0
870.0
2652.0
234.0
1476.0
831.0
1245.0
1068.0
1083.0
1317.0
1488.0
1359.0
366.0
1767.0
588.0
957.0
963.0
1380.0
1443.0
699.0
771.0
2553.0
966.0
3375.0
1350.0
897.0
1401.0
702.0
1362.0
1134.0
246.0
1935.0
2664.0
1287.0
1968.0
261.0
2016.0
1197.0
1392.0
783.0
822.0
1086.0
789.0
2310.0
534.0
882.0
714.0
426.0
1512.0
654.0
195.0
699.0
1215.0
1191.0
849.0
669.0
588.0
513.0
369.0
501.0
1575.0
1080.0
852.0
2094.0
1278.0
792.0
1158.0
2862.0
384.0
735.0
1794.0
249.0
1233.0
1227.0
192.0
1365.0
354.0
480.0
234.0
597.0
1686.0
1473.0
744.0
1122.0
645.0
951.0
504.0
351.0
2508.0
963.0
639.0
1371.0
1128.0
2436.0
627.0
1281.0
396.0
561.0
738.0
237.0
732.0
621.0
318.0
225.0
1206.0
903.0
951.0
822.0
1995.0
1980.0
2049.0
453.0
1251.0
1428.0
891.0
1182.0
1341.0
1146.0
2316.0
813.0
1011.0
2364.0
1836.0
603.0
1128.0
1653.0
435.0
1488.0
981.0
1083.0
1197.0
876.0
135.0
102.0
951.0
471.0
324.0
2286.0
642.0
960.0
468.0
828.0
1338.0
1161.0
369.0
2496.0
3837.0
903.0
1167.0
1788.0
1074.0
348.0
1194.0
285.0
1356.0
1161.0
519.0
1398.0
1326.0
531.0
744.0
1080.0
879.0
477.0
1113.0
1296.0
864.0
330.0
972.0
711.0
1482.0
507.0
666.0
435.0
1746.0
1998.0
609.0
534.0
1044.0
579.0
1674.0
1989.0
240.0
1239.0
1497.0
1167.0
747.0
2409.0
1692.0
1002.0
1113.0
1158.0
768.0
1155.0
2040.0
432.0
1035.0
1389.0
1551.0
744.0
507.0
1194.0
1629.0
621.0
1884.0
612.0
1068.0
1503.0
876.0
429.0
489.0
1152.0
1995.0
1176.0
1287.0
1305.0
1824.0
1494.0
813.0
1104.0
294.0
519.0
171.0
1263.0
534.0
225.0
762.0
696.0
540.0
1077.0
1215.0
438.0
1113.0
1245.0
426.0
1155.0
738.0
630.0
216.0
615.0
1074.0
249.0
1539.0
747.0
786.0
1410.0
204.0
198.0
999.0
1302.0
765.0
186.0
873.0
852.0
684.0
1251.0
1161.0
1020.0
465.0
336.0
1056.0
174.0
762.0
1224.0
1449.0
537.0
330.0
186.0
642.0
792.0
1821.0
1239.0
1230.0
1731.0
1266.0
765.0
1155.0
1431.0
1767.0
1524.0
279.0
4197.0
711.0
828.0
1974.0
711.0
870.0
822.0
951.0
873.0
2421.0
609.0
1089.0
4482.0
948.0
624.0
951.0
786.0
828.0
2928.0
1080.0
531.0
1866.0
1500.0
2433.0
1221.0
192.0
1311.0
933.0
768.0
2259.0
1671.0
546.0
666.0
1353.0
1164.0
1080.0
660.0
1179.0
738.0
417.0
591.0
1503.0
828.0
1341.0
2631.0
801.0
1062.0
795.0
240.0
816.0
717.0
897.0
684.0
540.0
576.0
2400.0
1434.0
249.0
1530.0
4875.0
1044.0
603.0
1362.0
1281.0
645.0
1122.0
1962.0
591.0
2370.0
879.0
888.0
477.0
909.0
1512.0
1194.0
1119.0
561.0
486.0
354.0
402.0
135.0
231.0
453.0
249.0
246.0
342.0
915.0
198.0
354.0
477.0
2583.0
390.0
291.0
216.0
1020.0
885.0
384.0
102.0
1386.0
276.0
1218.0
1956.0
693.0
2091.0
1347.0
2289.0
2394.0
1191.0
441.0
1062.0
558.0
738.0
816.0
756.0
207.0
870.0
1035.0
1140.0
1257.0
1131.0
354.0
1554.0
1578.0
1521.0
516.0
1431.0
1743.0
2736.0
522.0
1194.0
513.0
660.0
1794.0
591.0
2346.0
1032.0
369.0
1902.0
324.0
189.0
444.0
1287.0
909.0
1134.0
1389.0
648.0
621.0
1152.0
1236.0
1011.0
2529.0
1776.0
804.0
765.0
1299.0
861.0
1011.0
2136.0
711.0
651.0
960.0
1542.0
276.0
288.0
537.0
1197.0
915.0
822.0
366.0
843.0
765.0
1386.0
3285.0
1932.0
1224.0
642.0
1509.0
591.0
1503.0
1275.0
1149.0
1233.0
684.0
213.0
3480.0
1653.0
624.0
825.0
681.0
606.0
1011.0
1914.0
876.0
345.0
909.0
936.0
1965.0
1260.0
1914.0
1119.0
1215.0
921.0
558.0
1044.0
1749.0
1593.0
1380.0
1467.0
786.0
816.0
897.0
1239.0
1263.0
1866.0
1221.0
1758.0
1512.0
624.0
1200.0
1833.0
618.0
531.0
795.0
426.0
318.0
618.0
1542.0
1674.0
1353.0
966.0
840.0
1974.0
624.0
468.0
837.0
573.0
1488.0
981.0
687.0
1290.0
4032.0
3396.0
1479.0
1392.0
711.0
3273.0
561.0
489.0
1473.0
477.0
1620.0
843.0
1089.0
750.0
1245.0
426.0
1149.0
1290.0
768.0
1212.0
1170.0
294.0
195.0
810.0
1158.0
180.0
558.0
942.0
756.0
1014.0
1260.0
1467.0
1185.0
1218.0
1905.0
546.0
882.0
1863.0
1497.0
1746.0
1110.0
1815.0
1155.0
855.0
804.0
933.0
1008.0
1206.0
1413.0
309.0
1725.0
978.0
252.0
705.0
2148.0
735.0
1353.0
1383.0
750.0
498.0
1176.0
1278.0
990.0
2460.0
1950.0
642.0
600.0
930.0
1206.0
2085.0
1224.0
264.0
441.0
1917.0
951.0
501.0
2835.0
939.0
480.0
822.0
900.0
1107.0
228.0
273.0
762.0
813.0
1581.0
396.0
2754.0
111.0
648.0
378.0
732.0
987.0
456.0
2580.0
1209.0
768.0
741.0
975.0
855.0
141.0
1446.0
915.0
771.0
1137.0
1044.0
942.0
756.0
822.0
327.0
882.0
723.0
471.0
744.0
381.0
405.0
1308.0
2109.0
930.0
960.0
651.0
777.0
906.0
618.0
2754.0
1074.0
990.0
1215.0
1293.0
1584.0
1083.0
1050.0
1107.0
150.0
153.0
1182.0
993.0
984.0
558.0
1422.0
1311.0
726.0
1275.0
660.0
1740.0
660.0
1308.0
1089.0
585.0
1290.0
2148.0
1314.0
1809.0
1074.0
708.0
708.0
1065.0
1338.0
942.0
759.0
159.0
144.0
147.0
3132.0
1200.0
1248.0
579.0
369.0
1377.0
330.0
1041.0
1332.0
1794.0
2814.0
417.0
255.0
1104.0
2703.0
2163.0
2913.0
1452.0
486.0
282.0
675.0
1065.0
270.0
192.0
246.0
645.0
162.0
1008.0
1278.0
861.0
693.0
666.0
234.0
714.0
1824.0
681.0
906.0
732.0
381.0
504.0
1254.0
321.0
519.0
411.0
1944.0
384.0
975.0
1254.0
357.0
1929.0
543.0
1287.0
561.0
1281.0
627.0
681.0
219.0
1128.0
1371.0
309.0
357.0
234.0
1017.0
564.0
777.0
1071.0
405.0
255.0
1230.0
753.0
261.0
423.0
399.0
246.0
1425.0
1893.0
981.0
1098.0
987.0
654.0
1329.0
1722.0
927.0
312.0
711.0
480.0
1518.0
876.0
795.0
1638.0
591.0
702.0
867.0
258.0
1173.0
1338.0
453.0
627.0
1935.0
402.0
270.0
1503.0
2679.0
474.0
231.0
774.0
798.0
558.0
747.0
807.0
1164.0
2733.0
636.0
1170.0
1458.0
603.0
1389.0
1080.0
1863.0
723.0
984.0
957.0
1482.0
1044.0
1203.0
1395.0
672.0
1260.0
1263.0
1170.0
444.0
393.0
534.0
540.0
693.0
657.0
315.0
192.0
255.0
702.0
996.0
1461.0
1008.0
594.0
705.0
369.0
648.0
315.0
1134.0
447.0
501.0
390.0
723.0
1164.0
1425.0
1890.0
807.0
1263.0
1233.0
1233.0
831.0
795.0
1152.0
1485.0
3951.0
975.0
639.0
723.0
96.0
111.0
306.0
714.0
108.0
192.0
102.0
264.0
951.0
1311.0
1680.0
375.0
1236.0
1317.0
1080.0
576.0
537.0
726.0
2772.0
699.0
393.0
174.0
435.0
3519.0
1299.0
1548.0
993.0
606.0
381.0
1344.0
447.0
1077.0
570.0
558.0
444.0
936.0
471.0
2106.0
1737.0
1263.0
465.0
1245.0
690.0
627.0
513.0
414.0
186.0
267.0
258.0
300.0
939.0
255.0
192.0
1089.0
3579.0
504.0
354.0
534.0
393.0
306.0
540.0
318.0
372.0
966.0
189.0
255.0
141.0
855.0
1587.0
1239.0
339.0
255.0
1311.0
276.0
1959.0
753.0
1356.0
1458.0
747.0
549.0
1431.0
741.0
360.0
384.0
285.0
897.0
846.0
894.0
306.0
393.0
312.0
429.0
258.0
786.0
411.0
192.0
333.0
708.0
537.0
258.0
1920.0
681.0
975.0
576.0
1356.0
738.0
348.0
768.0
249.0
1362.0
594.0
477.0
429.0
261.0
2631.0
774.0
303.0
1143.0
1767.0
1263.0
876.0
849.0
1002.0
633.0
768.0
738.0
3384.0
1113.0
186.0
2544.0
951.0
756.0
972.0
237.0
576.0
717.0
1041.0
894.0
1365.0
237.0
1902.0
1530.0
411.0
3552.0
933.0
414.0
471.0
2676.0
693.0
501.0
369.0
2082.0
1341.0
1029.0
840.0
1278.0
624.0
1464.0
2865.0
861.0
570.0
372.0
471.0
2073.0
312.0
954.0
627.0
315.0
837.0
1089.0
387.0
381.0
813.0
2694.0
420.0
921.0
4500.0
2403.0
228.0
1446.0
465.0
366.0
384.0
984.0
444.0
708.0
885.0
1875.0
1347.0
411.0
1227.0
1105.0
756.0
432.0
1116.0
522.0
339.0
1470.0
549.0
1482.0
390.0
522.0
252.0
528.0
2037.0
750.0
1446.0
543.0
291.0
1545.0
861.0
471.0
537.0
1737.0
870.0
408.0
318.0
372.0
1227.0
1236.0
1197.0
1275.0
1953.0
1347.0
1014.0
2682.0
1314.0
2190.0
1077.0
1725.0
1050.0
516.0
1416.0
1422.0
1788.0
882.0
591.0
309.0
1560.0
2010.0
1236.0
1404.0
321.0
642.0
2388.0
984.0
1170.0
789.0
1275.0
657.0
1080.0
837.0
2487.0
270.0
1278.0
1377.0
1128.0
888.0
1098.0
384.0
849.0
516.0
2469.0
519.0
273.0
276.0
456.0
300.0
1041.0
768.0
291.0
1632.0
2220.0
750.0
1359.0
1857.0
345.0
663.0
1692.0
420.0
675.0
1002.0
531.0
1257.0
1722.0
984.0
1083.0
903.0
360.0
2082.0
975.0
1080.0
1137.0
1023.0
1251.0
492.0
618.0
921.0
1071.0
888.0
2580.0
1458.0
231.0
669.0
1020.0
1518.0
2856.0
717.0
825.0
1476.0
204.0
891.0
1263.0
1416.0
1305.0
1080.0
1536.0
1647.0
831.0
957.0
2649.0
966.0
417.0
369.0
1782.0
564.0
318.0
540.0
399.0
663.0
369.0
1413.0
1350.0
477.0
1038.0
513.0
2016.0
843.0
822.0
948.0
1452.0
855.0
858.0
672.0
255.0
1341.0
1152.0
1653.0
393.0
261.0
1152.0
270.0
183.0
621.0
1341.0
357.0
393.0
621.0
435.0
696.0
519.0
378.0
4077.0
4254.0
1011.0
1167.0
1161.0
249.0
843.0
1800.0
1332.0
864.0
3420.0
618.0
807.0
3678.0
861.0
2706.0
1041.0
825.0
627.0
1119.0
741.0
1266.0
198.0
1347.0
1821.0
969.0
504.0
1659.0
681.0
1047.0
348.0
2802.0
1713.0
375.0
1113.0
498.0
1260.0
291.0
159.0
1851.0
672.0
288.0
1320.0
1131.0
783.0
279.0
1365.0
1035.0
1104.0
1095.0
1584.0
1320.0
1278.0
2253.0
987.0
1758.0
870.0
855.0
2547.0
912.0
1023.0
759.0
957.0
813.0
276.0
1746.0
1941.0
1617.0
324.0
1842.0
516.0
291.0
405.0
429.0
363.0
1131.0
1893.0
1215.0
423.0
861.0
978.0
273.0
606.0
1641.0
1479.0
546.0
1350.0
456.0
1044.0
1053.0
324.0
825.0
756.0
450.0
561.0
1377.0
579.0
1341.0
2247.0
849.0
672.0
2127.0
1335.0
666.0
1422.0
1350.0
435.0
954.0
459.0
1020.0
1428.0
1152.0
408.0
822.0
591.0
1269.0
336.0
1434.0
294.0
228.0
963.0
1365.0
918.0
471.0
960.0
822.0
645.0
720.0
555.0
1452.0
1269.0
864.0
618.0
849.0
351.0
114.0
786.0
231.0
987.0
723.0
480.0
303.0
486.0
2535.0
531.0
741.0
234.0
1317.0
2523.0
588.0
459.0
801.0
852.0
411.0
309.0
2349.0
2403.0
1059.0
174.0
927.0
1173.0
1395.0
2607.0
888.0
684.0
1251.0
999.0
1302.0
1020.0
765.0
633.0
933.0
1794.0
1227.0
1515.0
2457.0
1185.0
1224.0
552.0
2532.0
981.0
639.0
1191.0
777.0
1188.0
2631.0
279.0
813.0
1104.0
369.0
1059.0
2106.0
666.0
2361.0
561.0
1560.0
2496.0
648.0
3000.0
849.0
1275.0
801.0
927.0
708.0
1746.0
666.0
705.0
1101.0
2862.0
93.0
1071.0
786.0
1260.0
882.0
468.0
726.0
279.0
2043.0
3111.0
540.0
1254.0
954.0
267.0
993.0
903.0
558.0
579.0
3951.0
969.0
717.0
2697.0
789.0
525.0
807.0
1194.0
1320.0
1554.0
1374.0
2625.0
1293.0
1050.0
999.0
735.0
354.0
582.0
1014.0
390.0
768.0
417.0
738.0
1164.0
750.0
654.0
1239.0
396.0
1893.0
957.0
1101.0
2637.0
267.0
1044.0
570.0
291.0
2040.0
888.0
906.0
174.0
1182.0
801.0
825.0
1581.0
1245.0
1230.0
1722.0
975.0
2082.0
942.0
1038.0
1725.0
654.0
960.0
657.0
1086.0
804.0
489.0
1365.0
1056.0
1098.0
459.0
732.0
936.0
2460.0
180.0
1440.0
990.0
1026.0
939.0
231.0
462.0
516.0
861.0
519.0
408.0
549.0
495.0
597.0
1785.0
1071.0
1149.0
780.0
1059.0
1299.0
1638.0
1800.0
1392.0
1356.0
465.0
591.0
2631.0
678.0
1107.0
558.0
1497.0
711.0
480.0
630.0
1197.0
1731.0
1080.0
876.0
936.0
1182.0
1071.0
636.0
972.0
924.0
399.0
2166.0
399.0
2166.0
813.0
1104.0
627.0
357.0
855.0
1833.0
246.0
351.0
912.0
933.0
855.0
570.0
669.0
450.0
369.0
117.0
1401.0
975.0
1011.0
642.0
468.0
438.0
2256.0
1230.0
2832.0
708.0
900.0
2715.0
1140.0
177.0
696.0
486.0
690.0
2406.0
636.0
1635.0
1998.0
516.0
1584.0
738.0
1458.0
1041.0
813.0
1233.0
1419.0
1407.0
585.0
1305.0
1737.0
1005.0
4467.0
1401.0
1197.0
861.0
1314.0
606.0
3111.0
1014.0
954.0
930.0
222.0
933.0
372.0
732.0
1719.0
1212.0
960.0
3483.0
1149.0
789.0
1476.0
1026.0
2415.0
723.0
474.0
243.0
294.0
1314.0
2031.0
843.0
198.0
723.0
534.0
663.0
870.0
720.0
2613.0
1389.0
216.0
2547.0
741.0
2850.0
885.0
1704.0
1752.0
2103.0
2979.0
1584.0
1032.0
1023.0
645.0
432.0
894.0
795.0
2688.0
1461.0
1422.0
765.0
1317.0
834.0
1968.0
1266.0
1959.0
1101.0
1044.0
1035.0
1221.0
1008.0
3555.0
2409.0
1443.0
816.0
6381.0
1095.0
846.0
1119.0
954.0
711.0
1251.0
1389.0
2391.0
939.0
1953.0
1491.0
960.0
2409.0
2106.0
2067.0
2706.0
720.0
759.0
4038.0
687.0
975.0
1761.0
2070.0
885.0
732.0
741.0
1251.0
3567.0
276.0
1368.0
351.0
738.0
954.0
810.0
1017.0
1413.0
2640.0
1011.0
828.0
1323.0
573.0
288.0
588.0
867.0
438.0
573.0
612.0
1170.0
1770.0
1539.0
927.0
1173.0
726.0
606.0
456.0
804.0
1677.0
645.0
1281.0
2631.0
1464.0
2862.0
315.0
261.0
1440.0
1131.0
3696.0
3813.0
417.0
492.0
780.0
504.0
1014.0
1158.0
480.0
720.0
639.0
2514.0
594.0
222.0
444.0
1227.0
1026.0
1047.0
1326.0
1275.0
1125.0
537.0
522.0
1227.0
1098.0
1035.0
165.0
570.0
1296.0
2286.0
444.0
432.0
1347.0
738.0
714.0
447.0
858.0
504.0
2586.0
1026.0
723.0
858.0
1206.0
2067.0
1035.0
1692.0
957.0
621.0
1539.0
474.0
921.0
1464.0
507.0
303.0
1176.0
846.0
7572.0
1140.0
1620.0
1590.0
1080.0
1578.0
330.0
273.0
291.0
474.0
1065.0
423.0
861.0
1392.0
927.0
546.0
399.0
3204.0
2787.0
633.0
2403.0
498.0
495.0
546.0
429.0
951.0
384.0
2199.0
852.0
684.0
966.0
750.0
1218.0
2034.0
975.0
1494.0
783.0
264.0
942.0
777.0
810.0
2253.0
936.0
741.0
1488.0
1134.0
402.0
669.0
1302.0
1377.0
1065.0
2637.0
1119.0
1371.0
669.0
765.0
942.0
4209.0
1158.0
1062.0
1344.0
732.0
1182.0
1191.0
1134.0
471.0
4239.0
4107.0
252.0
108.0
264.0
1278.0
1080.0
774.0
1293.0
900.0
285.0
960.0
2034.0
669.0
729.0
3495.0
1071.0
276.0
549.0
543.0
657.0
489.0
1020.0
480.0
192.0
1218.0
408.0
1956.0
531.0
1737.0
720.0
405.0
2064.0
510.0
1917.0
1659.0
561.0
429.0
276.0
582.0
756.0
588.0
777.0
849.0
1041.0
696.0
870.0
2538.0
1731.0
1038.0
1818.0
876.0
549.0
690.0
870.0
696.0
726.0
609.0
1293.0
756.0
1920.0
891.0
1371.0
516.0
1284.0
1542.0
1362.0
1809.0
2088.0
471.0
414.0
1527.0
1023.0
1386.0
747.0
1095.0
4209.0
258.0
813.0
651.0
909.0
867.0
1572.0
534.0
471.0
813.0
897.0
753.0
1344.0
969.0
1446.0
1086.0
471.0
1293.0
1794.0
1329.0
597.0
843.0
429.0
852.0
708.0
867.0
1401.0
237.0
879.0
612.0
636.0
141.0
984.0
357.0
1275.0
642.0
357.0
2388.0
789.0
477.0
408.0
129.0
1368.0
945.0
351.0
357.0
45.0
507.0
198.0
828.0
1929.0
855.0
996.0
1044.0
984.0
2388.0
1314.0
3468.0
1512.0
1221.0
1371.0
1497.0
615.0
579.0
198.0
423.0
1035.0
471.0
1215.0
1710.0
1596.0
273.0
297.0
693.0
471.0
546.0
552.0
912.0
534.0
180.0
702.0
594.0
840.0
810.0
1371.0
1524.0
447.0
357.0
708.0
1440.0
1338.0
1935.0
2679.0
1503.0
360.0
465.0
1173.0
792.0
2418.0
909.0
1194.0
144.0
1263.0
1314.0
726.0
1662.0
387.0
1458.0
2811.0
1827.0
480.0
996.0
1257.0
735.0
141.0
453.0
633.0
1344.0
1851.0
4389.0
750.0
804.0
1008.0
1812.0
471.0
2082.0
168.0
1446.0
402.0
231.0
1521.0
1779.0
1131.0
234.0
264.0
435.0
312.0
294.0
294.0
1518.0
1305.0
2373.0
465.0
762.0
969.0
1251.0
465.0
4470.0
5706.0
825.0
594.0
609.0
996.0
1503.0
1539.0
582.0
1890.0
1275.0
561.0
1626.0
492.0
1056.0
1890.0
1296.0
582.0
954.0
312.0
207.0
276.0
255.0
477.0
408.0
729.0
615.0
960.0
606.0
2892.0
1248.0
1569.0
741.0
1011.0
2079.0
471.0
414.0
873.0
1446.0
816.0
1350.0
1182.0
924.0
1275.0
624.0
3000.0
1509.0
4809.0
6381.0
957.0
1761.0
1365.0
1320.0
1083.0
1149.0
492.0
1359.0
642.0
2649.0
741.0
1899.0
474.0
1176.0
723.0
999.0
867.0
1386.0
642.0
966.0
1113.0
264.0
642.0
1902.0
375.0
909.0
702.0
786.0
558.0
921.0
1242.0
1164.0
858.0
1374.0
1368.0
1380.0
1218.0
171.0
903.0
144.0
825.0
1065.0
1545.0
468.0
1557.0
258.0
1008.0
507.0
1746.0
1377.0
864.0
1296.0
972.0
330.0
942.0
177.0
318.0
195.0
1104.0
621.0
951.0
1602.0
312.0
813.0
897.0
525.0
621.0
993.0
795.0
1122.0
1425.0
549.0
1284.0
408.0
1200.0
930.0
174.0
360.0
756.0
1074.0
1434.0
738.0
1197.0
1407.0
453.0
318.0
483.0
627.0
2067.0
468.0
648.0
696.0
357.0
1494.0
675.0
1185.0
1074.0
528.0
570.0
561.0
1917.0
246.0
426.0
993.0
96.0
330.0
1008.0
546.0
1179.0
843.0
414.0
330.0
555.0
174.0
369.0
489.0
1182.0
852.0
675.0
684.0
1353.0
546.0
654.0
549.0
753.0
618.0
1014.0
162.0
225.0
600.0
168.0
357.0
288.0
879.0
1128.0
246.0
1200.0
810.0
417.0
549.0
1044.0
1014.0
105.0
2571.0
564.0
1215.0
1419.0
1008.0
1041.0
684.0
687.0
903.0
960.0
2538.0
702.0
1998.0
1020.0
777.0
273.0
885.0
1200.0
1227.0
1488.0
645.0
1932.0
552.0
642.0
528.0
2088.0
1251.0
594.0
603.0
378.0
501.0
1212.0
1527.0
1551.0
1050.0
612.0
555.0
1260.0
579.0
1029.0
663.0
993.0
606.0
387.0
381.0
960.0
951.0
720.0
1992.0
1017.0
1188.0
822.0
1026.0
567.0
219.0
1545.0
474.0
690.0
459.0
1647.0
1278.0
480.0
237.0
1221.0
912.0
933.0
1047.0
954.0
246.0
2070.0
693.0
2388.0
624.0
984.0
423.0
1101.0
894.0
498.0
1110.0
564.0
1434.0
1287.0
897.0
2718.0
990.0
675.0
1839.0
2442.0
1212.0
372.0
1146.0
750.0
663.0
1065.0
1221.0
1377.0
699.0
783.0
1791.0
798.0
762.0
2310.0
1884.0
1488.0
567.0
321.0
1278.0
1386.0
984.0
531.0
2364.0
441.0
462.0
291.0
285.0
942.0
684.0
1311.0
486.0
582.0
1305.0
1410.0
906.0
570.0
375.0
582.0
402.0
1578.0
561.0
543.0
516.0
1665.0
1239.0
864.0
975.0
867.0
906.0
1683.0
1356.0
576.0
1254.0
804.0
1644.0
381.0
288.0
552.0
696.0
4398.0
360.0
879.0
987.0
1185.0
561.0
933.0
747.0
711.0
687.0
873.0
810.0
3804.0
453.0
573.0
1008.0
1590.0
816.0
1881.0
1233.0
96.0
132.0
537.0
177.0
1878.0
444.0
1191.0
2040.0
1104.0
915.0
891.0
882.0
798.0
2820.0
1449.0
1809.0
1929.0
1101.0
1401.0
687.0
912.0
1212.0
480.0
237.0
1224.0
456.0
624.0
2415.0
1776.0
93.0
912.0
1860.0
552.0
144.0
1053.0
567.0
1371.0
1119.0
414.0
1602.0
321.0
1140.0
426.0
624.0
1539.0
1896.0
3687.0
855.0
2022.0
1548.0
1176.0
489.0
1341.0
741.0
1938.0
1122.0
1959.0
1860.0
1530.0
1266.0
1485.0
1470.0
1305.0
1182.0
789.0
2169.0
3420.0
915.0
276.0
1131.0
1269.0
2628.0
2286.0
669.0
1761.0
1416.0
2016.0
1170.0
1017.0
1137.0
3132.0
1200.0
1746.0
2121.0
540.0
1116.0
945.0
1017.0
891.0
1530.0
1224.0
276.0
1236.0
246.0
126.0
354.0
147.0
987.0
537.0
1095.0
618.0
669.0
672.0
3210.0
1251.0
1257.0
744.0
1395.0
1353.0
1386.0
540.0
528.0
2016.0
357.0
201.0
591.0
609.0
2631.0
1011.0
741.0
1431.0
1365.0
1938.0
921.0
1272.0
921.0
900.0
1746.0
504.0
1050.0
1068.0
2727.0
615.0
621.0
756.0
1026.0
354.0
675.0
201.0
258.0
342.0
648.0
423.0
351.0
747.0
1032.0
483.0
1767.0
240.0
753.0
543.0
804.0
1926.0
453.0
174.0
234.0
1290.0
321.0
1722.0
831.0
1008.0
945.0
684.0
1767.0
981.0
2631.0
471.0
1749.0
987.0
429.0
477.0
249.0
387.0
927.0
969.0
429.0
2763.0
837.0
969.0
582.0
1380.0
1233.0
582.0
243.0
294.0
2751.0
273.0
918.0
945.0
243.0
396.0
1254.0
624.0
627.0
345.0
3993.0
414.0
654.0
495.0
537.0
489.0
183.0
678.0
744.0
2034.0
780.0
951.0
867.0
846.0
1419.0
996.0
555.0
942.0
2214.0
732.0
600.0
966.0
786.0
738.0
822.0
204.0
1344.0
2214.0
1572.0
849.0
2115.0
1197.0
312.0
2478.0
375.0
768.0
633.0
1122.0
849.0
597.0
2229.0
1473.0
1422.0
1443.0
1011.0
1005.0
1065.0
1695.0
534.0
1104.0
663.0
930.0
1863.0
900.0
669.0
609.0
1020.0
1518.0
1458.0
519.0
867.0
795.0
723.0
1386.0
189.0
963.0
2355.0
1929.0
543.0
996.0
390.0
945.0
369.0
861.0
648.0
219.0
114.0
366.0
441.0
1293.0
642.0
1278.0
819.0
543.0
870.0
1293.0
1890.0
2265.0
828.0
1350.0
420.0
1395.0
234.0
1152.0
360.0
558.0
1098.0
507.0
417.0
894.0
1596.0
1212.0
501.0
2838.0
510.0
1038.0
375.0
564.0
2727.0
1425.0
2625.0
855.0
1971.0
2421.0
3075.0
414.0
1224.0
1674.0
1155.0
267.0
207.0
174.0
1713.0
297.0
705.0
840.0
1134.0
768.0
768.0
891.0
867.0
366.0
969.0
2619.0
423.0
861.0
1734.0
747.0
693.0
990.0
453.0
741.0
522.0
1476.0
291.0
612.0
363.0
915.0
885.0
999.0
486.0
624.0
741.0
2166.0
618.0
840.0
813.0
267.0
636.0
300.0
642.0
492.0
1200.0
1005.0
1245.0
702.0
675.0
1359.0
687.0
2184.0
654.0
384.0
1263.0
1983.0
1758.0
1260.0
957.0
480.0
678.0
345.0
1011.0
702.0
1245.0
1119.0
735.0
237.0
642.0
2229.0
636.0
1551.0
930.0
1002.0
1353.0
795.0
603.0
1284.0
879.0
1350.0
1590.0
975.0
1389.0
609.0
1698.0
990.0
924.0
825.0
279.0
333.0
306.0
825.0
639.0
606.0
2097.0
312.0
546.0
858.0
366.0
498.0
858.0
960.0
693.0
411.0
690.0
96.0
198.0
957.0
102.0
1041.0
120.0
129.0
96.0
1641.0
495.0
93.0
1299.0
963.0
750.0
1113.0
1257.0
573.0
300.0
1296.0
480.0
750.0
696.0
741.0
678.0
264.0
231.0
714.0
1092.0
1803.0
270.0
126.0
2946.0
960.0
228.0
1215.0
357.0
204.0
330.0
516.0
1155.0
4029.0
849.0
480.0
1764.0
708.0
366.0
825.0
3150.0
1482.0
651.0
1200.0
354.0
2409.0
495.0
1995.0
189.0
1659.0
1173.0
675.0
306.0
1275.0
570.0
360.0
828.0
504.0
1386.0
1719.0
822.0
750.0
1179.0
1113.0
696.0
921.0
558.0
495.0
1806.0
876.0
543.0
408.0
1074.0
1491.0
1389.0
315.0
3561.0
489.0
2199.0
852.0
546.0
600.0
951.0
384.0
1029.0
963.0
1083.0
429.0
498.0
732.0
144.0
927.0
1266.0
588.0
201.0
693.0
630.0
1344.0
723.0
453.0
93.0
969.0
2808.0
810.0
681.0
1416.0
1149.0
747.0
558.0
1548.0
1152.0
771.0
1002.0
426.0
3300.0
1506.0
141.0
1080.0
990.0
558.0
384.0
882.0
2355.0
210.0
1563.0
456.0
717.0
996.0
579.0
681.0
738.0
303.0
510.0
933.0
945.0
1344.0
1959.0
1878.0
2157.0
642.0
2532.0
993.0
1992.0
2847.0
636.0
570.0
402.0
573.0
690.0
948.0
309.0
654.0
918.0
522.0
426.0
498.0
390.0
2631.0
351.0
1401.0
1155.0
2388.0
984.0
675.0
246.0
549.0
1137.0
516.0
513.0
834.0
279.0
1062.0
417.0
471.0
2079.0
1191.0
309.0
630.0
267.0
288.0
2016.0
867.0
1314.0
45.0
708.0
1215.0
1203.0
1218.0
870.0
2637.0
1695.0
540.0
141.0
342.0
2016.0
741.0
357.0
2055.0
948.0
933.0
1545.0
558.0
918.0
945.0
507.0
2223.0
1815.0
237.0
1377.0
1194.0
1125.0
453.0
519.0
1515.0
2004.0
1572.0
648.0
1368.0
912.0
999.0
855.0
1662.0
2280.0
2802.0
1218.0
1569.0
1140.0
327.0
570.0
1419.0
729.0
405.0
819.0
1635.0
816.0
822.0
567.0
726.0
1038.0
945.0
441.0
612.0
171.0
1446.0
378.0
1038.0
288.0
528.0
495.0
999.0
1779.0
510.0
510.0
1359.0
927.0
231.0
855.0
1830.0
1665.0
876.0
1332.0
117.0
357.0
390.0
621.0
990.0
384.0
948.0
927.0
1470.0
567.0
894.0
504.0
696.0
666.0
822.0
786.0
3441.0
897.0
789.0
1884.0
1065.0
2598.0
459.0
1044.0
234.0
618.0
606.0
489.0
1545.0
1407.0
1170.0
1515.0
1293.0
453.0
471.0
804.0
738.0
627.0
1320.0
696.0
1287.0
480.0
822.0
1671.0
708.0
1638.0
690.0
420.0
324.0
1416.0
2643.0
1131.0
1527.0
876.0
894.0
2301.0
549.0
768.0
291.0
1179.0
879.0
591.0
1362.0
249.0
879.0
1683.0
1197.0
477.0
1275.0
1008.0
1020.0
948.0
1512.0
1470.0
657.0
834.0
279.0
624.0
276.0
435.0
210.0
354.0
654.0
168.0
696.0
309.0
663.0
378.0
618.0
1212.0
1407.0
357.0
927.0
975.0
2631.0
309.0
285.0
1293.0
1263.0
1767.0
1143.0
909.0
1494.0
1335.0
999.0
759.0
612.0
993.0
1551.0
711.0
1944.0
1365.0
738.0
339.0
813.0
1944.0
1983.0
963.0
1407.0
4308.0
1122.0
627.0
747.0
171.0
2835.0
438.0
687.0
2367.0
939.0
1041.0
1386.0
1167.0
1113.0
1113.0
234.0
1002.0
291.0
849.0
693.0
429.0
477.0
1152.0
408.0
387.0
888.0
1008.0
705.0
720.0
1041.0
135.0
417.0
2184.0
993.0
429.0
486.0
900.0
2106.0
375.0
219.0
1467.0
717.0
486.0
477.0
3951.0
3519.0
2364.0
717.0
3990.0
1722.0
219.0
1569.0
1749.0
1674.0
1293.0
612.0
501.0
747.0
987.0
1176.0
4311.0
1704.0
783.0
972.0
2118.0
318.0
285.0
609.0
996.0
861.0
270.0
957.0
789.0
1410.0
969.0
684.0
777.0
615.0
1293.0
183.0
747.0
1749.0
669.0
219.0
1722.0
1482.0
540.0
954.0
540.0
1014.0
669.0
591.0
678.0
798.0
1332.0
855.0
1092.0
792.0
522.0
1191.0
588.0
540.0
306.0
393.0
534.0
354.0
696.0
180.0
435.0
1218.0
1323.0
372.0
315.0
2856.0
594.0
531.0
252.0
387.0
1503.0
396.0
309.0
939.0
315.0
537.0
1803.0
780.0
345.0
1230.0
453.0
471.0
375.0
948.0
2139.0
2040.0
588.0
1845.0
141.0
834.0
1113.0
468.0
837.0
1212.0
513.0
867.0
2478.0
759.0
642.0
717.0
546.0
771.0
630.0
813.0
723.0
483.0
1011.0
1269.0
654.0
855.0
945.0
801.0
1809.0
282.0
762.0
294.0
1410.0
1206.0
948.0
390.0
1269.0
963.0
630.0
576.0
843.0
732.0
1224.0
804.0
630.0
1305.0
390.0
768.0
930.0
417.0
969.0
480.0
888.0
549.0
888.0
141.0
1485.0
621.0
390.0
1407.0
525.0
549.0
198.0
222.0
810.0
1518.0
333.0
1185.0
1221.0
543.0
909.0
1371.0
1107.0
789.0
150.0
996.0
2568.0
315.0
1929.0
435.0
198.0
360.0
582.0
1053.0
597.0
366.0
4128.0
4206.0
1080.0
1533.0
567.0
396.0
357.0
276.0
375.0
1524.0
900.0
465.0
591.0
2010.0
1245.0
591.0
1005.0
3297.0
1173.0
1233.0
1047.0
1530.0
945.0
1101.0
1077.0
462.0
396.0
531.0
876.0
294.0
1647.0
969.0
303.0
2856.0
672.0
210.0
132.0
111.0
195.0
93.0
330.0
120.0
99.0
180.0
1161.0
1782.0
732.0
486.0
1341.0
885.0
1182.0
867.0
612.0
663.0
1104.0
1896.0
1344.0
1401.0
423.0
2457.0
1455.0
369.0
3552.0
693.0
501.0
735.0
3624.0
414.0
738.0
1527.0
858.0
762.0
321.0
1581.0
435.0
264.0
786.0
519.0
276.0
1488.0
1230.0
855.0
1380.0
495.0
720.0
552.0
549.0
516.0
585.0
825.0
315.0
2766.0
1371.0
954.0
1995.0
870.0
1419.0
1107.0
567.0
378.0
1500.0
699.0
1149.0
600.0
870.0
438.0
150.0
1059.0
1413.0
807.0
1533.0
222.0
879.0
969.0
483.0
807.0
987.0
510.0
624.0
228.0
1638.0
2646.0
282.0
654.0
984.0
804.0
969.0
618.0
1884.0
1167.0
1884.0
810.0
1452.0
1770.0
528.0
1602.0
1857.0
1503.0
291.0
555.0
1641.0
198.0
615.0
1338.0
1323.0
783.0
294.0
2103.0
2979.0
1347.0
1662.0
948.0
1395.0
687.0
1179.0
396.0
333.0
300.0
441.0
96.0
1386.0
477.0
1068.0
471.0
1053.0
1011.0
1284.0
969.0
1251.0
1464.0
960.0
1047.0
636.0
807.0
2253.0
1185.0
1107.0
1317.0
303.0
822.0
630.0
606.0
702.0
411.0
279.0
333.0
192.0
255.0
270.0
363.0
393.0
129.0
243.0
543.0
1143.0
2070.0
1203.0
339.0
924.0
1203.0
240.0
516.0
519.0
342.0
408.0
1014.0
1056.0
1239.0
525.0
1476.0
1344.0
534.0
387.0
408.0
579.0
480.0
330.0
234.0
210.0
1290.0
1203.0
654.0
246.0
1347.0
312.0
1014.0
360.0
1242.0
1434.0
1263.0
291.0
657.0
828.0
1251.0
990.0
750.0
846.0
1398.0
426.0
336.0
411.0
1431.0
312.0
825.0
1053.0
741.0
927.0
516.0
1479.0
990.0
828.0
1050.0
1068.0
1047.0
741.0
1122.0
693.0
276.0
1371.0
1062.0
1071.0
1353.0
2793.0
1620.0
642.0
1098.0
516.0
654.0
267.0
432.0
498.0
2193.0
2004.0
1458.0
1428.0
1362.0
759.0
1044.0
1248.0
1197.0
2415.0
120.0
2268.0
444.0
1884.0
345.0
1044.0
726.0
444.0
1797.0
999.0
138.0
1122.0
537.0
948.0
4368.0
444.0
1110.0
381.0
1401.0
477.0
1209.0
288.0
1185.0
663.0
285.0
876.0
636.0
1386.0
1893.0
1446.0
936.0
591.0
1635.0
1329.0
1311.0
795.0
924.0
465.0
1257.0
264.0
1446.0
453.0
546.0
801.0
879.0
981.0
2715.0
3285.0
654.0
2259.0
237.0
591.0
876.0
2598.0
5202.0
507.0
807.0
1731.0
315.0
360.0
738.0
735.0
1023.0
558.0
606.0
171.0
909.0
648.0
1914.0
978.0
729.0
1362.0
255.0
1062.0
1161.0
1176.0
1428.0
1632.0
4467.0
879.0
1122.0
1314.0
954.0
1041.0
819.0
1530.0
1017.0
1419.0
528.0
3111.0
1755.0
1269.0
1158.0
540.0
399.0
1326.0
663.0
645.0
330.0
723.0
963.0
978.0
471.0
900.0
921.0
867.0
405.0
234.0
735.0
1368.0
519.0
189.0
642.0
927.0
987.0
795.0
1503.0
1008.0
957.0
1113.0
1902.0
642.0
1815.0
648.0
1578.0
2289.0
258.0
1494.0
318.0
789.0
1023.0
1152.0
765.0
2022.0
816.0
522.0
669.0
1059.0
552.0
1800.0
483.0
789.0
1167.0
1461.0
1197.0
2307.0
729.0
1086.0
402.0
951.0
2280.0
2760.0
1158.0
678.0
495.0
765.0
492.0
1785.0
930.0
426.0
1212.0
1527.0
972.0
807.0
345.0
447.0
519.0
5418.0
1119.0
2388.0
1929.0
1746.0
1251.0
822.0
735.0
930.0
585.0
1575.0
1950.0
531.0
1251.0
642.0
1269.0
1203.0
1467.0
186.0
216.0
1107.0
1281.0
738.0
1689.0
333.0
540.0
1026.0
1356.0
1122.0
429.0
1185.0
699.0
1254.0
549.0
1197.0
1236.0
825.0
618.0
444.0
246.0
390.0
564.0
588.0
456.0
1266.0
891.0
462.0
441.0
903.0
669.0
1383.0
480.0
543.0
1881.0
828.0
792.0
186.0
1134.0
507.0
699.0
681.0
1479.0
195.0
1794.0
237.0
327.0
1149.0
1032.0
873.0
1173.0
2037.0
825.0
1323.0
2889.0
519.0
1848.0
1392.0
891.0
903.0
1428.0
663.0
1266.0
831.0
1263.0
342.0
918.0
2706.0
621.0
2664.0
1890.0
1488.0
558.0
1086.0
384.0
321.0
366.0
921.0
1575.0
435.0
735.0
357.0
270.0
4467.0
1401.0
1005.0
705.0
330.0
693.0
342.0
519.0
1248.0
1164.0
1041.0
492.0
387.0
201.0
642.0
1698.0
858.0
5352.0
2355.0
852.0
972.0
1278.0
2778.0
531.0
525.0
648.0
819.0
1191.0
1104.0
1725.0
1224.0
1527.0
372.0
498.0
849.0
540.0
534.0
1044.0
96.0
2043.0
312.0
261.0
489.0
1047.0
411.0
405.0
1176.0
1179.0
198.0
375.0
1812.0
366.0
687.0
1542.0
843.0
1698.0
318.0
504.0
243.0
738.0
177.0
1134.0
2286.0
576.0
396.0
171.0
888.0
135.0
297.0
1476.0
1188.0
402.0
528.0
510.0
1278.0
1455.0
1158.0
1221.0
147.0
936.0
1077.0
855.0
1365.0
984.0
654.0
1638.0
609.0
1509.0
1143.0
441.0
1116.0
858.0
1305.0
984.0
1278.0
651.0
